0.000000000000000000e+00
0.000000000000000000e+00
0.000000000000000000e+00
1.677705312257618130e-05
5.503449843967738543e-05
1.008073929018894754e-04
1.119811134541191436e-04
1.270464418545875216e-04
1.114987968239321221e-04
9.448790782819688563e-05
-2.213628422151244770e-06
-7.299142646067328650e-05
-5.286357269542921828e-05
-9.770483487189627779e-05
-2.805753969675594333e-05
-8.352406272615952779e-07
2.504202426239414162e-05
8.532939126076386871e-05
9.489356797897860202e-05
5.253125916677763382e-05
-5.534326184911152121e-05
4.878623355123935963e-05
-4.558828416023159104e-05
-5.715683079730550986e-05
-6.838005835793276358e-05
-3.806537322878927345e-05
-5.306057592998006801e-05
-4.282829684803606834e-06
3.875714785293460243e-05
3.564342382266760530e-05
7.453991625792823900e-05
4.216624716617286650e-05
4.360705056455056408e-05
2.575974354588917106e-05
1.783152151043893138e-05
-4.018096698465452440e-06
-1.073492682254084283e-05
-1.846500089285881907e-05
-1.606655387123302184e-05
-3.149487978450844945e-05
-2.715112347672184656e-05
0.000000000000000000e+00
0.000000000000000000e+00
0.000000000000000000e+00
-5.905432456282703416e-11
-7.731608800724213554e-11
1.374985117852666220e-09
2.491202790117028748e-10
-2.762482409300994271e-10
-5.617952088910827327e-10
-2.169846573697793604e-09
-5.908363720192485427e-09
-4.352044810310269575e-09
-8.836714254990596417e-09
-3.240240596096569592e-09
-2.322077472169517326e-09
1.632821352233209571e-09
7.316556932057945113e-09
4.177072950298699096e-09
-2.274550035807650485e-09
-4.171434244957088482e-09
-5.047969043002076005e-09
2.753087997499849737e-09
-2.903238159568059722e-07
-2.292466750147623817e-07
-7.502743177483419066e-08
1.297205805211144809e-07
1.777781689354714648e-07
4.369443784153212641e-07
1.661265070305091748e-07
9.734185462959440047e-08
-9.157344123385119248e-08
-2.235209948527362169e-07
-9.892422074088002239e-08
1.329884326529313288e-08
1.761784109304321647e-07
8.419676456876884268e-06
8.779832874657240624e-07
-2.588932885291960894e-06
-7.018439101981412045e-06
2.991667861948900382e-07
1.037326812468116637e-07
