Printout for SDDS file one.cen

       s              Cx             Cy      
       m              m              m       
---------------------------------------------
  0.000000e+00  -5.312591e-21   9.974660e-22 
  0.000000e+00  -5.312591e-21   9.974660e-22 
  0.000000e+00  -5.312591e-21   9.974660e-22 
  0.000000e+00  -5.312591e-21   9.974660e-22 
  0.000000e+00  -5.312591e-21   9.974660e-22 
  2.500000e-01  -5.724587e-21   1.561251e-21 
  2.500000e-01  -5.724587e-21   1.561251e-21 
  2.500000e-01  -5.724587e-21   1.561251e-21 
  2.500000e-01  -5.724587e-21   1.561251e-21 
  2.500000e-01  -5.724587e-21   1.561251e-21 
  5.000000e-01  -5.551115e-21   2.038300e-21 
  8.500000e-01   9.730243e-07   9.636935e-10 
  1.700000e+00   5.641859e-06   9.464233e-10 
  2.875000e+00   1.209584e-05   9.225498e-10 
  3.025000e+00   1.126372e-05   9.846666e-10 
  3.225000e+00   7.973966e-06   1.157414e-09 
  3.225000e+00   3.766537e-06  -3.021021e-06 
  3.675000e+00  -4.384761e-07  -3.506781e-06 
  3.675000e+00  -4.384761e-07  -3.506781e-06 
  4.075000e+00  -4.176266e-06  -3.938568e-06 
  4.225000e+00  -5.765588e-06  -3.623800e-06 
  4.225000e+00  -5.765588e-06  -3.623800e-06 
  4.225000e+00  -5.765588e-06  -3.623800e-06 
  4.225000e+00  -5.765588e-06  -3.623800e-06 
  4.575000e+00  -1.006670e-05  -1.807000e-06 
  4.725000e+00  -1.116223e-05  -1.207543e-06 
  5.600000e+00  -1.292066e-05   1.375887e-06 
  6.475000e+00  -1.467908e-05   3.959316e-06 
  6.475000e+00  -1.467908e-05   3.959316e-06 
  6.475000e+00  -1.467908e-05   3.959316e-06 
  6.475000e+00  -1.467908e-05   3.959316e-06 
  6.625000e+00  -1.299932e-05   4.876749e-06 
  6.975000e+00  -4.585585e-06   8.205359e-06 
  7.125000e+00  -1.753168e-06   8.595432e-06 
  7.525000e+00   4.019065e-06   6.829281e-06 
  7.975000e+00   1.051283e-05   4.842361e-06 
  7.975000e+00   2.394817e-06   6.076651e-06 
  8.175000e+00   3.961193e-06   5.013258e-06 
  8.175000e+00   3.961193e-06   5.013258e-06 
  8.175000e+00   3.961193e-06   5.013258e-06 
  8.175000e+00   3.961193e-06   5.013258e-06 
  8.325000e+00   5.240266e-06   4.555969e-06 
  9.500000e+00   1.584427e-05   3.554879e-06 
  1.035000e+01   2.351526e-05   2.830687e-06 
  1.070000e+01   2.733561e-05   2.283869e-06 
  1.172500e+01   3.328314e-05   7.167704e-07 
  1.172500e+01   3.328314e-05   7.167704e-07 
  1.172500e+01   3.328314e-05   7.167704e-07 
  1.172500e+01   3.328314e-05   7.167704e-07 
  1.187500e+01   3.270645e-05   5.157800e-07 
  1.212500e+01   2.934744e-05   2.232047e-07 
  1.227500e+01   2.798979e-05   4.368889e-08 
  1.332500e+01   2.301818e-05  -1.231177e-06 
  1.347500e+01   2.218904e-05  -1.419980e-06 
  1.382500e+01   1.998029e-05  -1.876868e-06 
  1.397500e+01   1.964179e-05  -2.013760e-06 
  1.450000e+01   2.057334e-05  -2.281760e-06 
  1.450000e+01   2.057334e-05  -2.281760e-06 
  1.472500e+01   2.097258e-05  -2.396618e-06 
  1.472500e+01   2.097258e-05  -2.396618e-06 
  1.502500e+01   2.150489e-05  -2.549761e-06 
  1.517500e+01   2.202966e-05  -2.595814e-06 
  1.572500e+01   2.490975e-05  -2.652094e-06 
  1.587500e+01   2.535419e-05  -2.703406e-06 
  1.587500e+01   2.535419e-05  -2.703406e-06 
  1.587500e+01   2.535419e-05  -2.703406e-06 
  1.587500e+01   2.535419e-05  -2.703406e-06 
  1.640000e+01   2.570903e-05  -3.009688e-06 
  1.644952e+01   2.574250e-05  -3.038575e-06 
  1.949362e+01   2.235442e-05  -3.828000e-06 
  1.954313e+01   2.237699e-05  -3.848938e-06 
  1.965405e+01   2.242754e-05  -3.895843e-06 
  1.970357e+01   2.245010e-05  -3.916781e-06 
  2.274767e+01   2.054860e-05  -4.433181e-06 
  2.279718e+01   2.056781e-05  -4.449429e-06 
  2.279718e+01   2.056781e-05  -4.449429e-06 
  2.304718e+01   2.066479e-05  -4.531463e-06 
  2.329718e+01   2.076178e-05  -4.613498e-06 
  2.389718e+01   2.099454e-05  -4.810381e-06 
  2.429718e+01   2.114971e-05  -4.941636e-06 
  2.444718e+01   2.239990e-05  -4.717298e-06 
  2.444718e+01   2.239990e-05  -4.717298e-06 
  2.444718e+01   2.239990e-05  -4.717298e-06 
  2.444718e+01   2.239990e-05  -4.717298e-06 
  2.484718e+01   2.897425e-05  -3.400702e-06 
  2.499718e+01   3.009393e-05  -3.055091e-06 
  2.539718e+01   2.944582e-05  -2.514488e-06 
  2.559718e+01   2.912177e-05  -2.244187e-06 
  2.719718e+01   2.652935e-05  -8.177714e-08 
  2.739718e+01   2.620529e-05   1.885241e-07 
  2.764718e+01   2.580023e-05   5.264007e-07 
  2.764718e+01   2.580023e-05   5.264007e-07 
  2.789718e+01   2.539516e-05   8.642773e-07 
  2.789718e+01   2.539516e-05   8.642773e-07 
  2.814718e+01   2.499009e-05   1.202154e-06 
  2.814718e+01   2.499009e-05   1.202154e-06 
  2.839718e+01   2.458503e-05   1.540030e-06 
  2.859718e+01   2.426097e-05   1.810332e-06 
  3.019718e+01   2.166855e-05   3.972742e-06 
  3.039718e+01   2.134449e-05   4.243043e-06 
  3.069718e+01   2.085842e-05   4.648495e-06 
  3.084718e+01   2.029245e-05   4.924823e-06 
  3.084718e+01   2.029245e-05   4.924823e-06 
  3.084718e+01   2.029245e-05   4.924823e-06 
  3.084718e+01   2.029245e-05   4.924823e-06 
  3.144718e+01   1.674869e-05   6.330277e-06 
  3.159718e+01   1.637173e-05   6.484467e-06 
  3.409718e+01   1.850779e-05   5.741742e-06 
  3.409718e+01   1.850779e-05   5.741742e-06 
  3.459718e+01   1.893500e-05   5.593197e-06 
  3.459718e+01   1.893500e-05   5.593197e-06 
  3.459718e+01   1.893500e-05   5.593197e-06 
  3.459718e+01   1.893500e-05   5.593197e-06 
  3.474718e+01   1.874959e-05   5.641124e-06 
  3.524718e+01   1.708970e-05   6.110061e-06 
  3.539718e+01   1.668833e-05   6.215746e-06 
  3.589718e+01   1.566987e-05   6.450709e-06 
  3.604718e+01   1.546618e-05   6.479033e-06 
  3.604718e+01   1.546618e-05   6.479033e-06 
  3.604718e+01   1.546618e-05   6.479033e-06 
  3.604718e+01   1.546618e-05   6.479033e-06 
  3.604718e+01   1.546618e-05   6.479033e-06 
  3.637218e+01   1.524461e-05   6.448915e-06 
  3.642169e+01   1.521086e-05   6.444326e-06 
  3.946579e+01   1.174572e-05   5.465896e-06 
  3.951531e+01   1.171515e-05   5.460159e-06 
  3.962623e+01   1.164668e-05   5.447309e-06 
  3.967574e+01   1.161612e-05   5.441572e-06 
  4.271984e+01   8.883880e-06   4.615290e-06 
  4.276936e+01   8.855700e-06   4.608998e-06 
  4.276936e+01   8.855700e-06   4.608998e-06 
  4.326936e+01   8.571134e-06   4.545467e-06 
  4.331887e+01   8.542953e-06   4.539176e-06 
  4.636297e+01   6.294069e-06   3.822728e-06 
  4.641249e+01   6.267572e-06   3.816165e-06 
  4.652341e+01   6.208216e-06   3.801465e-06 
  4.657292e+01   6.181719e-06   3.794902e-06 
  4.961702e+01   4.242554e-06   3.155935e-06 
  4.966654e+01   4.217240e-06   3.149245e-06 
  4.966654e+01   4.217240e-06   3.149245e-06 
  4.966654e+01   4.217240e-06   3.149245e-06 
  4.999154e+01   4.051089e-06   3.105340e-06 
  5.014154e+01   3.948083e-06   3.105273e-06 
  5.014154e+01   3.948083e-06   3.105273e-06 
  5.014154e+01   3.948083e-06   3.105273e-06 
  5.014154e+01   3.948083e-06   3.105273e-06 
  5.046654e+01   3.668357e-06   3.148887e-06 
  5.051605e+01   3.625739e-06   3.155532e-06 
  5.356015e+01   9.282639e-07   3.345635e-06 
  5.360967e+01   8.874761e-07   3.351403e-06 
  5.372059e+01   7.961059e-07   3.364323e-06 
  5.377010e+01   7.553181e-07   3.370090e-06 
  5.681420e+01  -1.681771e-06   3.518376e-06 
  5.686372e+01  -1.721061e-06   3.523340e-06 
  5.686372e+01  -1.721061e-06   3.523340e-06 
  5.736372e+01  -2.117806e-06   3.573469e-06 
  5.741323e+01  -2.157096e-06   3.578433e-06 
  6.045733e+01  -4.379694e-06   3.687074e-06 
  6.050685e+01  -4.417769e-06   3.691285e-06 
  6.061777e+01  -4.503061e-06   3.700718e-06 
  6.066728e+01  -4.541136e-06   3.704929e-06 
  6.371138e+01  -6.609226e-06   3.779097e-06 
  6.376090e+01  -6.646309e-06   3.782606e-06 
  6.376090e+01  -6.646309e-06   3.782606e-06 
  6.408590e+01  -6.889710e-06   3.805636e-06 
  6.423590e+01  -7.047324e-06   3.791604e-06 
  6.423590e+01  -7.047324e-06   3.791604e-06 
  6.423590e+01  -7.047324e-06   3.791604e-06 
  6.423590e+01  -7.047324e-06   3.791604e-06 
  6.456090e+01  -7.487660e-06   3.707831e-06 
  6.461042e+01  -7.554747e-06   3.695068e-06 
  6.765452e+01  -1.124507e-05   2.781604e-06 
  6.770403e+01  -1.131031e-05   2.768886e-06 
  6.781495e+01  -1.145643e-05   2.740397e-06 
  6.786446e+01  -1.152166e-05   2.727679e-06 
  7.090856e+01  -1.499635e-05   1.864103e-06 
  7.095808e+01  -1.506015e-05   1.851510e-06 
  7.095808e+01  -1.506015e-05   1.851510e-06 
  7.145808e+01  -1.570439e-05   1.724348e-06 
  7.150759e+01  -1.576819e-05   1.711755e-06 
  7.455169e+01  -1.905736e-05   8.979482e-07 
  7.460121e+01  -1.912010e-05   8.855430e-07 
  7.471213e+01  -1.926065e-05   8.577536e-07 
  7.476164e+01  -1.932339e-05   8.453483e-07 
  7.780574e+01  -2.248265e-05   7.452758e-08 
  7.785526e+01  -2.254461e-05   6.234905e-08 
  7.785526e+01  -2.254461e-05   6.234905e-08 
  7.818026e+01  -2.295135e-05  -1.758678e-08 
  7.833026e+01  -2.298896e-05  -5.475758e-08 
  7.833026e+01  -2.298896e-05  -5.475758e-08 
  7.833026e+01  -2.298896e-05  -5.475758e-08 
  7.833026e+01  -2.298896e-05  -5.475758e-08 
  7.865526e+01  -2.274503e-05  -1.360702e-07 
  7.870477e+01  -2.270786e-05  -1.484585e-07 
  8.174887e+01  -1.985010e-05  -8.868304e-07 
  8.179839e+01  -1.981518e-05  -8.989705e-07 
  8.190931e+01  -1.973695e-05  -9.261660e-07 
  8.195882e+01  -1.970203e-05  -9.383061e-07 
  8.500292e+01  -1.708975e-05  -1.640651e-06 
  8.505244e+01  -1.705671e-05  -1.652556e-06 
  8.505244e+01  -1.705671e-05  -1.652556e-06 
  8.555244e+01  -1.672311e-05  -1.772768e-06 
  8.560195e+01  -1.669007e-05  -1.784672e-06 
  8.864605e+01  -1.429034e-05  -2.452489e-06 
  8.869557e+01  -1.425887e-05  -2.464170e-06 
  8.880649e+01  -1.418837e-05  -2.490338e-06 
  8.885600e+01  -1.415690e-05  -2.502019e-06 
  9.190010e+01  -1.192933e-05  -3.141394e-06 
  9.194962e+01  -1.189917e-05  -3.152865e-06 
  9.194962e+01  -1.189917e-05  -3.152865e-06 
  9.227462e+01  -1.170118e-05  -3.228154e-06 
  9.242462e+01  -1.168612e-05  -3.241678e-06 
  9.242462e+01  -1.168612e-05  -3.241678e-06 
  9.242462e+01  -1.168612e-05  -3.241678e-06 
  9.242462e+01  -1.168612e-05  -3.241678e-06 
  9.274962e+01  -1.181874e-05  -3.224929e-06 
  9.279913e+01  -1.183894e-05  -3.222378e-06 
  9.584323e+01  -1.277862e-05  -2.993758e-06 
  9.589275e+01  -1.279874e-05  -2.991330e-06 
  9.600367e+01  -1.284382e-05  -2.985891e-06 
  9.605318e+01  -1.286395e-05  -2.983463e-06 
  9.909728e+01  -1.378869e-05  -2.770323e-06 
  9.914680e+01  -1.380873e-05  -2.767987e-06 
  9.914680e+01  -1.380873e-05  -2.767987e-06 
  9.939680e+01  -1.390989e-05  -2.756194e-06 
  9.939680e+01  -1.390989e-05  -2.756194e-06 
  9.964680e+01  -1.401106e-05  -2.744401e-06 
  9.969631e+01  -1.403110e-05  -2.742065e-06 
  1.027404e+02  -1.493837e-05  -2.541819e-06 
  1.027899e+02  -1.495832e-05  -2.539546e-06 
  1.029008e+02  -1.500300e-05  -2.534453e-06 
  1.029504e+02  -1.502295e-05  -2.532180e-06 
  1.059945e+02  -1.591730e-05  -2.341870e-06 
  1.060440e+02  -1.593715e-05  -2.339635e-06 
  1.060440e+02  -1.593715e-05  -2.339635e-06 
  1.063690e+02  -1.606747e-05  -2.324969e-06 
  1.065190e+02  -1.602263e-05  -2.333382e-06 
  1.065190e+02  -1.602263e-05  -2.333382e-06 
  1.065190e+02  -1.602263e-05  -2.333382e-06 
  1.065190e+02  -1.602263e-05  -2.333382e-06 
  1.068440e+02  -1.569819e-05  -2.384542e-06 
  1.068935e+02  -1.564876e-05  -2.392336e-06 
  1.099376e+02  -1.236327e-05  -2.812583e-06 
  1.099871e+02  -1.231509e-05  -2.820187e-06 
  1.100980e+02  -1.220715e-05  -2.837220e-06 
  1.101475e+02  -1.215897e-05  -2.844824e-06 
  1.131916e+02  -9.023330e-06  -3.246398e-06 
  1.132412e+02  -8.976237e-06  -3.253801e-06 
  1.132412e+02  -8.976237e-06  -3.253801e-06 
  1.137412e+02  -8.500689e-06  -3.328553e-06 
  1.137907e+02  -8.453596e-06  -3.335956e-06 
  1.168348e+02  -5.456403e-06  -3.717957e-06 
  1.168843e+02  -5.410243e-06  -3.725147e-06 
  1.169952e+02  -5.306837e-06  -3.741254e-06 
  1.170447e+02  -5.260677e-06  -3.748444e-06 
  1.200888e+02  -2.378574e-06  -4.112222e-06 
  1.201383e+02  -2.333217e-06  -4.119193e-06 
  1.201383e+02  -2.333217e-06  -4.119193e-06 
  1.204633e+02  -2.035510e-06  -4.164945e-06 
  1.206133e+02  -1.911148e-06  -4.158935e-06 
  1.206133e+02  -1.911148e-06  -4.158935e-06 
  1.206133e+02  -1.911148e-06  -4.158935e-06 
  1.206133e+02  -1.911148e-06  -4.158935e-06 
  1.209383e+02  -1.669362e-06  -4.087171e-06 
  1.209879e+02  -1.632525e-06  -4.076237e-06 
  1.240320e+02   6.247898e-07  -3.341858e-06 
  1.240815e+02   6.611153e-07  -3.331021e-06 
  1.241924e+02   7.424891e-07  -3.306745e-06 
  1.242419e+02   7.788146e-07  -3.295909e-06 
  1.272860e+02   2.967697e-06  -2.582899e-06 
  1.273355e+02   3.003626e-06  -2.572164e-06 
  1.273355e+02   3.003626e-06  -2.572164e-06 
  1.278355e+02   3.366433e-06  -2.463761e-06 
  1.278850e+02   3.402362e-06  -2.453026e-06 
  1.309291e+02   5.528973e-06  -1.761682e-06 
  1.309786e+02   5.564620e-06  -1.751052e-06 
  1.310896e+02   5.644472e-06  -1.727241e-06 
  1.311391e+02   5.680118e-06  -1.716612e-06 
  1.341832e+02   7.758816e-06  -1.044497e-06 
  1.342327e+02   7.794272e-06  -1.033976e-06 
  1.342327e+02   7.794272e-06  -1.033976e-06 
  1.345577e+02   8.026998e-06  -9.649195e-07 
  1.347077e+02   8.081871e-06  -9.392263e-07 
  1.347077e+02   8.081871e-06  -9.392263e-07 
  1.347077e+02   8.081871e-06  -9.392263e-07 
  1.347077e+02   8.081871e-06  -9.392263e-07 
  1.350327e+02   8.086665e-06  -8.968244e-07 
  1.350822e+02   8.087395e-06  -8.903643e-07 
  1.381263e+02   8.020215e-06  -4.838879e-07 
  1.381758e+02   8.021317e-06  -4.774683e-07 
  1.382867e+02   8.023786e-06  -4.630873e-07 
  1.383363e+02   8.024889e-06  -4.566677e-07 
  1.413804e+02   7.983327e-06  -5.908687e-08 
  1.414299e+02   7.984748e-06  -5.269760e-08 
  1.414299e+02   7.984748e-06  -5.269760e-08 
  1.419299e+02   7.999102e-06   1.182102e-08 
  1.419794e+02   8.000523e-06   1.821030e-08 
  1.450235e+02   7.980592e-06   4.073097e-07 
  1.450730e+02   7.982281e-06   4.136789e-07 
  1.451839e+02   7.986064e-06   4.279467e-07 
  1.452334e+02   7.987753e-06   4.343159e-07 
  1.482775e+02   7.986206e-06   8.167198e-07 
  1.483271e+02   7.988119e-06   8.230775e-07 
  1.483271e+02   7.988119e-06   8.230775e-07 
  1.486521e+02   8.000677e-06   8.648075e-07 
  1.488021e+02   8.058782e-06   8.782811e-07 
  1.488021e+02   8.058782e-06   8.782811e-07 
  1.488021e+02   8.058782e-06   8.782811e-07 
  1.488021e+02   8.058782e-06   8.782811e-07 
  1.488021e+02   8.058782e-06   8.782811e-07 
  1.491271e+02   8.298287e-06   8.948733e-07 
  1.491766e+02   8.334777e-06   8.974012e-07 
  1.522207e+02   1.044153e-05   1.040769e-06 
  1.522702e+02   1.047777e-05   1.043333e-06 
  1.523811e+02   1.055895e-05   1.049078e-06 
  1.524306e+02   1.059519e-05   1.051642e-06 
  1.554747e+02   1.266130e-05   1.195047e-06 
  1.555242e+02   1.269733e-05   1.197632e-06 
  1.555242e+02   1.269733e-05   1.197632e-06 
  1.560242e+02   1.306113e-05   1.223737e-06 
  1.560738e+02   1.309716e-05   1.226322e-06 
  1.591179e+02   1.532250e-05   1.386629e-06 
  1.591674e+02   1.535887e-05   1.389257e-06 
  1.592783e+02   1.544035e-05   1.395144e-06 
  1.593278e+02   1.547672e-05   1.397772e-06 
  1.623719e+02   1.772455e-05   1.560324e-06 
  1.624214e+02   1.776131e-05   1.562982e-06 
  1.624214e+02   1.776131e-05   1.562982e-06 
  1.627464e+02   1.800258e-05   1.580429e-06 
  1.627464e+02   1.800258e-05   1.580429e-06 
  1.637464e+02   1.874497e-05   1.634113e-06 
  1.637464e+02   1.874497e-05   1.634113e-06 
  1.638964e+02   1.913460e-05   1.618003e-06 
  1.638964e+02   1.913460e-05   1.618003e-06 
  1.638964e+02   1.913460e-05   1.618003e-06 
  1.638964e+02   1.913460e-05   1.618003e-06 
  1.651464e+02   2.471641e-05   1.283061e-06 
  1.652964e+02   2.499422e-05   1.262936e-06 
  1.658464e+02   2.457011e-05   1.262334e-06 
  1.658464e+02   2.457011e-05   1.262334e-06 
  1.713464e+02   2.032899e-05   1.256319e-06 
  1.713464e+02   2.032899e-05   1.256319e-06 
  1.768464e+02   1.608787e-05   1.250303e-06 
  1.768464e+02   1.608787e-05   1.250303e-06 
  1.773464e+02   1.570232e-05   1.249757e-06 
  1.774964e+02   1.582312e-05   1.231039e-06 
  1.787964e+02   1.892482e-05   9.088430e-07 
  1.789464e+02   1.909375e-05   8.804693e-07 
  1.789464e+02   1.909375e-05   8.804693e-07 
  1.789464e+02   1.909375e-05   8.804693e-07 
  1.789464e+02   1.909375e-05   8.804693e-07 
  1.805214e+02   1.887756e-05   6.739945e-07 
  1.805214e+02   1.887756e-05   6.739945e-07 
  1.807214e+02   1.885011e-05   6.477755e-07 
  1.807214e+02   1.885011e-05   6.477755e-07 
  1.809214e+02   1.882266e-05   6.215564e-07 
  1.809214e+02   1.882266e-05   6.215564e-07 
  1.812214e+02   1.686287e-05   6.452103e-07 
  1.815214e+02   1.305251e-05   7.326198e-07 
  1.818214e+02   1.030500e-05   7.547712e-07 
  1.818214e+02   1.030500e-05   7.547712e-07 
  1.818214e+02   1.030500e-05   7.547712e-07 
  1.818214e+02   1.030500e-05   7.547712e-07 
  1.822714e+02   7.656364e-06   6.891728e-07 
  1.842714e+02  -6.148697e-06   3.812124e-07 
  1.863994e+02  -2.377039e-05   4.402773e-08 
  1.866994e+02  -2.625465e-05  -3.507704e-09 
  1.869994e+02  -2.454591e-05  -5.468638e-08 
  1.871994e+02  -2.066738e-05  -9.269446e-08 
  1.871994e+02  -2.066738e-05  -9.269446e-08 
  1.874664e+02  -1.548953e-05  -1.434353e-07 
  1.877664e+02  -1.142488e-05  -1.837253e-07 
  1.877664e+02  -1.142488e-05  -1.837253e-07 
  1.877664e+02  -1.142488e-05  -1.837253e-07 
  1.877664e+02  -1.142488e-05  -1.837253e-07 
  1.927164e+02   2.924956e-05  -5.507376e-07 
  1.947164e+02   4.338881e-05  -6.855157e-07 
  1.996664e+02   7.228128e-05  -9.782219e-07 
  1.999664e+02   8.088956e-05  -9.034093e-07 
  1.999664e+02   8.088956e-05  -9.034093e-07 
  1.999664e+02   8.088956e-05  -9.034093e-07 
  1.999664e+02   8.088956e-05  -9.034093e-07 
  2.002334e+02   9.488374e-05  -7.565934e-07 
  2.002334e+02   1.837211e-04  -1.203911e-06 
  2.004334e+02   2.065246e-04  -1.038117e-06 
  2.007334e+02   2.140126e-04  -9.131725e-07 
  2.010334e+02   1.944709e-04  -9.067076e-07 
  2.010334e+02   1.944709e-04  -9.067076e-07 
  2.031614e+02   5.585520e-05  -8.608501e-07 
  2.051614e+02  -7.490816e-05  -7.969673e-07 
  2.056114e+02  -1.050083e-04  -7.782700e-07 
  2.059114e+02  -1.351655e-04  -6.987687e-07 
  2.059114e+02  -1.351655e-04  -6.987687e-07 
  2.059114e+02  -1.351655e-04  -6.987687e-07 
  2.059114e+02  -1.351655e-04  -6.987687e-07 
  2.062114e+02  -1.763052e-04  -5.545758e-07 
  2.065114e+02  -1.980072e-04  -4.632620e-07 
  2.065114e+02  -1.980072e-04  -4.632620e-07 
  2.069864e+02  -2.003965e-04  -3.974564e-07 
  2.071364e+02  -1.990154e-04  -3.807762e-07 
  2.081864e+02  -1.744316e-04  -2.923037e-07 
  2.083364e+02  -1.733603e-04  -2.757280e-07 
  2.083364e+02  -1.733603e-04  -2.757280e-07 
  2.083364e+02  -1.733603e-04  -2.757280e-07 
  2.083364e+02  -1.733603e-04  -2.757280e-07 
  2.093864e+02  -1.829104e-04  -1.326838e-07 
  2.095364e+02  -1.839084e-04  -1.124878e-07 
  2.100864e+02  -1.862217e-04  -3.926216e-08 
  2.146224e+02  -2.053005e-04   5.646495e-07 
  2.146224e+02  -2.053005e-04   5.646495e-07 
  2.148224e+02  -2.061417e-04   5.912770e-07 
  2.149724e+02  -2.076038e-04   6.088289e-07 
  2.158224e+02  -2.206101e-04   6.944506e-07 
  2.158974e+02  -2.213475e-04   7.033050e-07 
  2.158974e+02  -2.213475e-04   7.033050e-07 
  2.158974e+02  -2.213475e-04   7.033050e-07 
  2.158974e+02  -2.213475e-04   7.033050e-07 
  2.158974e+02  -2.213475e-04   7.033050e-07 
  2.159724e+02  -2.212631e-04   7.147819e-07 
  2.280224e+02  -1.416665e-04   2.771553e-06 
  2.281724e+02  -1.417260e-04   2.776556e-06 
  2.281724e+02  -1.417260e-04   2.776556e-06 
  2.281724e+02  -1.417260e-04   2.776556e-06 
  2.281724e+02  -1.417260e-04   2.776556e-06 
  2.402224e+02  -2.309009e-04   1.522527e-06 
  2.403724e+02  -2.302975e-04   1.518162e-06 
  2.403724e+02  -2.302975e-04   1.518162e-06 
  2.403724e+02  -2.302975e-04   1.518162e-06 
  2.403724e+02  -2.302975e-04   1.518162e-06 
  2.524224e+02  -4.430336e-05   2.070054e-06 
  2.525724e+02  -4.231073e-05   2.061650e-06 
  2.525724e+02  -4.231073e-05   2.061650e-06 
  2.525724e+02  -4.231073e-05   2.061650e-06 
  2.525724e+02  -4.231073e-05   2.061650e-06 
  2.646224e+02   9.224105e-05   1.611437e-07 
  2.647724e+02   9.322631e-05   1.385848e-07 
  2.647724e+02   9.322631e-05   1.385848e-07 
  2.647724e+02   9.322631e-05   1.385848e-07 
  2.647724e+02   9.322631e-05   1.385848e-07 
  2.768224e+02   1.167765e-04  -1.589849e-06 
  2.769724e+02   1.179387e-04  -1.599487e-06 
  2.769724e+02   1.179387e-04  -1.599487e-06 
  2.769724e+02   1.179387e-04  -1.599487e-06 
  2.769724e+02   1.179387e-04  -1.599487e-06 
  2.890224e+02   2.813469e-04  -1.417517e-06 
  2.891724e+02   2.812905e-04  -1.425772e-06 
  2.891724e+02   2.812905e-04  -1.425772e-06 
  2.891724e+02   2.812905e-04  -1.425772e-06 
  2.891724e+02   2.812905e-04  -1.425772e-06 
  2.919350e+02   2.417518e-04  -1.771924e-06 
  2.922100e+02   2.378159e-04  -1.806382e-06 
  2.925100e+02   2.171384e-04  -1.972808e-06 
  2.928100e+02   1.805617e-04  -2.271942e-06 
  2.931100e+02   1.633780e-04  -2.308504e-06 
  2.931100e+02   1.633780e-04  -2.308504e-06 
  2.931100e+02   1.633780e-04  -2.308504e-06 
  2.931100e+02   1.633780e-04  -2.308504e-06 
  2.948850e+02   1.726352e-04  -9.631261e-07 
  2.950350e+02   1.735256e-04  -8.488548e-07 
  2.950350e+02   1.735256e-04  -8.488548e-07 
  2.950350e+02   1.735256e-04  -8.488548e-07 
  2.950350e+02   1.735256e-04  -8.488548e-07 
  2.956600e+02   1.776873e-04  -3.704179e-07 
  2.956600e+02   1.776873e-04  -3.704179e-07 
  2.958600e+02   1.790191e-04  -2.173180e-07 
  2.958600e+02   1.790191e-04  -2.173180e-07 
  2.960600e+02   1.803508e-04  -6.421821e-08 
  2.963600e+02   1.624127e-04   1.668914e-07 
  2.966600e+02   1.252123e-04   4.080677e-07 
  2.969600e+02   1.058801e-04   5.755780e-07 
  2.969600e+02   1.058801e-04   5.755780e-07 
  2.969600e+02   1.058801e-04   5.755780e-07 
  2.969600e+02   1.058801e-04   5.755780e-07 
  2.972600e+02   1.034270e-04   6.607756e-07 
  2.972600e+02   1.034270e-04   6.607756e-07 
  2.987600e+02   9.050068e-05   1.086976e-06 
  3.007850e+02   7.628608e-05   1.617692e-06 
  3.009350e+02   7.423776e-05   1.677703e-06 
  3.009350e+02   7.423776e-05   1.677703e-06 
  3.009350e+02   7.423776e-05   1.677703e-06 
  3.009350e+02   7.423776e-05   1.677703e-06 
  3.013600e+02   6.563716e-05   1.907093e-06 
  3.040871e+02   3.864126e-06   8.729786e-06 
  3.048871e+02  -1.446747e-05   1.348087e-05 
  3.051871e+02  -2.302584e-05   1.273203e-05 
  3.051871e+02  -2.302584e-05   1.273203e-05 
  3.051871e+02  -2.302584e-05   1.273203e-05 
  3.051871e+02  -2.302584e-05   1.273203e-05 
  3.065871e+02  -7.244817e-05  -2.423434e-06 
  3.068871e+02  -7.353017e-05  -5.927684e-06 
  3.073871e+02  -5.936779e-05  -1.252283e-05 
  3.076871e+02  -5.884031e-05  -1.456467e-05 
  3.076871e+02  -5.884031e-05  -1.456467e-05 
  3.076871e+02  -5.884031e-05  -1.456467e-05 
  3.076871e+02  -5.884031e-05  -1.456467e-05 
  3.082620e+02  -7.315657e-05  -1.456763e-05 
  3.082620e+02  -7.315657e-05  -1.456763e-05 
  3.088370e+02  -8.747284e-05  -1.457060e-05 
  3.091370e+02  -1.083074e-04  -1.217917e-05 
  3.091370e+02  -1.083074e-04  -1.217917e-05 
  3.091370e+02  -1.083074e-04  -1.217917e-05 
  3.091370e+02  -1.083074e-04  -1.217917e-05 
  3.096370e+02  -1.670111e-04  -4.383339e-06 
  3.099370e+02  -1.776320e-04  -4.055602e-07 
  3.113370e+02  -1.099737e-04   1.572238e-05 
  3.116370e+02  -1.091943e-04   1.766038e-05 
  3.116370e+02  -1.091943e-04   1.766038e-05 
  3.116370e+02  -1.091943e-04   1.766038e-05 
  3.116370e+02  -1.091943e-04   1.766038e-05 
  3.124370e+02  -1.436893e-04   1.854457e-05 
  3.151641e+02  -2.478694e-04   1.521988e-05 
  3.155891e+02  -2.604562e-04   1.324379e-05 
  3.157391e+02  -2.616099e-04   1.271239e-05 
  3.157391e+02  -2.616099e-04   1.271239e-05 
  3.157391e+02  -2.616099e-04   1.271239e-05 
  3.157391e+02  -2.616099e-04   1.271239e-05 
  3.162391e+02  -2.544754e-04   1.148705e-05 
  3.162391e+02  -2.544754e-04   1.148705e-05 
  3.174641e+02  -2.369960e-04   8.484968e-06 
  3.174641e+02  -2.369960e-04   8.484968e-06 
  3.174641e+02  -2.369960e-04   8.484968e-06 
  3.177641e+02  -2.327153e-04   7.749764e-06 
  3.178641e+02  -2.312884e-04   7.504695e-06 
  3.185221e+02  -2.244095e-04   5.776570e-06 
  3.186061e+02  -2.231770e-04   5.561656e-06 
  3.192641e+02  -2.142154e-04   3.835656e-06 
  3.192641e+02  -2.142154e-04   3.835656e-06 
