Printout for SDDS file one.sig

       s             enx            eny      
       m              m              m       
---------------------------------------------
  0.000000e+00   1.001926e-05   9.929740e-06 
  0.000000e+00   1.001926e-05   9.929740e-06 
  0.000000e+00   1.001926e-05   9.929740e-06 
  0.000000e+00   1.001926e-05   9.929740e-06 
  0.000000e+00   1.001926e-05   9.929740e-06 
  2.500000e-01   1.001926e-05   9.929740e-06 
  2.500000e-01   1.001926e-05   9.929740e-06 
  2.500000e-01   1.001926e-05   9.929740e-06 
  2.500000e-01   1.001933e-05   9.929740e-06 
  2.500000e-01   1.001933e-05   9.929748e-06 
  5.000000e-01   1.001933e-05   9.929748e-06 
  8.500000e-01   3.493839e-04   9.967886e-06 
  1.700000e+00   3.493839e-04   9.967886e-06 
  2.875000e+00   3.493839e-04   9.967886e-06 
  3.025000e+00   3.496338e-04   9.947416e-06 
  3.225000e+00   3.496338e-04   9.947416e-06 
  3.225000e+00   2.639454e-04   9.963742e-06 
  3.675000e+00   2.639454e-04   9.963742e-06 
  3.675000e+00   2.639454e-04   9.963742e-06 
  4.075000e+00   2.639454e-04   9.963742e-06 
  4.225000e+00   2.639097e-04   1.003845e-05 
  4.225000e+00   2.639097e-04   1.003845e-05 
  4.225000e+00   2.639136e-04   1.003845e-05 
  4.225000e+00   2.639136e-04   1.003845e-05 
  4.575000e+00   2.639136e-04   1.003845e-05 
  4.725000e+00   2.640099e-04   1.002398e-05 
  5.600000e+00   2.640099e-04   1.002398e-05 
  6.475000e+00   2.640099e-04   1.002398e-05 
  6.475000e+00   2.640099e-04   1.002398e-05 
  6.475000e+00   2.639929e-04   1.002398e-05 
  6.475000e+00   2.639929e-04   1.002415e-05 
  6.625000e+00   2.640119e-04   9.948978e-06 
  6.975000e+00   2.640119e-04   9.948978e-06 
  7.125000e+00   2.639744e-04   1.087522e-05 
  7.525000e+00   2.639744e-04   1.087522e-05 
  7.975000e+00   2.639744e-04   1.087522e-05 
  7.975000e+00   2.377340e-04   1.086604e-05 
  8.175000e+00   2.377340e-04   1.086604e-05 
  8.175000e+00   2.377340e-04   1.086604e-05 
  8.175000e+00   2.377216e-04   1.086604e-05 
  8.175000e+00   2.377216e-04   1.086613e-05 
  8.325000e+00   2.377943e-04   1.071505e-05 
  9.500000e+00   2.377943e-04   1.071505e-05 
  1.035000e+01   2.377943e-04   1.071505e-05 
  1.070000e+01   9.690919e-06   1.072710e-05 
  1.172500e+01   9.690919e-06   1.072710e-05 
  1.172500e+01   9.690919e-06   1.072710e-05 
  1.172500e+01   9.691382e-06   1.072710e-05 
  1.172500e+01   9.691382e-06   1.072706e-05 
  1.187500e+01   9.869211e-06   1.072925e-05 
  1.212500e+01   9.869211e-06   1.072925e-05 
  1.227500e+01   9.795802e-06   1.073059e-05 
  1.332500e+01   9.795802e-06   1.073059e-05 
  1.347500e+01   9.804541e-06   1.072599e-05 
  1.382500e+01   9.804541e-06   1.072599e-05 
  1.397500e+01   9.769682e-06   1.077260e-05 
  1.450000e+01   9.769682e-06   1.077260e-05 
  1.450000e+01   9.769682e-06   1.077260e-05 
  1.472500e+01   9.769682e-06   1.077260e-05 
  1.472500e+01   9.769682e-06   1.077260e-05 
  1.502500e+01   9.769682e-06   1.077260e-05 
  1.517500e+01   9.757551e-06   1.079416e-05 
  1.572500e+01   9.757551e-06   1.079416e-05 
  1.587500e+01   9.773908e-06   1.077313e-05 
  1.587500e+01   9.773908e-06   1.077313e-05 
  1.587500e+01   9.773703e-06   1.077313e-05 
  1.587500e+01   9.773703e-06   1.077311e-05 
  1.640000e+01   9.773703e-06   1.077311e-05 
  1.644952e+01   9.773703e-06   1.077311e-05 
  1.949362e+01   9.775499e-06   1.077619e-05 
  1.954313e+01   9.775499e-06   1.077619e-05 
  1.965405e+01   9.775499e-06   1.077619e-05 
  1.970357e+01   9.775499e-06   1.077619e-05 
  2.274767e+01   9.775762e-06   1.077729e-05 
  2.279718e+01   9.775762e-06   1.077729e-05 
  2.279718e+01   9.775762e-06   1.077729e-05 
  2.304718e+01   9.775762e-06   1.077729e-05 
  2.329718e+01   9.775762e-06   1.077729e-05 
  2.389718e+01   9.775762e-06   1.077729e-05 
  2.429718e+01   9.775762e-06   1.077729e-05 
  2.444718e+01   9.781750e-06   1.082425e-05 
  2.444718e+01   9.781750e-06   1.082425e-05 
  2.444718e+01   9.782055e-06   1.082425e-05 
  2.444718e+01   9.782055e-06   1.082405e-05 
  2.484718e+01   9.782055e-06   1.082405e-05 
  2.499718e+01   9.771030e-06   1.080987e-05 
  2.539718e+01   9.771030e-06   1.080987e-05 
  2.559718e+01   9.771030e-06   1.080987e-05 
  2.719718e+01   9.771030e-06   1.080987e-05 
  2.739718e+01   9.771030e-06   1.080987e-05 
  2.764718e+01   9.771030e-06   1.080987e-05 
  2.764718e+01   9.771030e-06   1.080987e-05 
  2.789718e+01   9.771030e-06   1.080987e-05 
  2.789718e+01   9.771030e-06   1.080987e-05 
  2.814718e+01   9.771030e-06   1.080987e-05 
  2.814718e+01   9.771030e-06   1.080987e-05 
  2.839718e+01   9.771030e-06   1.080987e-05 
  2.859718e+01   9.771030e-06   1.080987e-05 
  3.019718e+01   9.771030e-06   1.080987e-05 
  3.039718e+01   9.771030e-06   1.080987e-05 
  3.069718e+01   9.771030e-06   1.080987e-05 
  3.084718e+01   9.766485e-06   1.077308e-05 
  3.084718e+01   9.766485e-06   1.077308e-05 
  3.084718e+01   9.766413e-06   1.077308e-05 
  3.084718e+01   9.766413e-06   1.077290e-05 
  3.144718e+01   9.766413e-06   1.077290e-05 
  3.159718e+01   9.773210e-06   1.090633e-05 
  3.409718e+01   9.773210e-06   1.090633e-05 
  3.409718e+01   9.773210e-06   1.090633e-05 
  3.459718e+01   9.773210e-06   1.090633e-05 
  3.459718e+01   9.773210e-06   1.090633e-05 
  3.459718e+01   9.773049e-06   1.090633e-05 
  3.459718e+01   9.773049e-06   1.090645e-05 
  3.474718e+01   9.766474e-06   1.085976e-05 
  3.524718e+01   9.766474e-06   1.085976e-05 
  3.539718e+01   9.768363e-06   1.087801e-05 
  3.589718e+01   9.768363e-06   1.087801e-05 
  3.604718e+01   9.770145e-06   1.090052e-05 
  3.604718e+01   9.770145e-06   1.090052e-05 
  3.604718e+01   9.770145e-06   1.090052e-05 
  3.604718e+01   9.770256e-06   1.090052e-05 
  3.604718e+01   9.770256e-06   1.090052e-05 
  3.637218e+01   9.770256e-06   1.090052e-05 
  3.642169e+01   9.770256e-06   1.090052e-05 
  3.946579e+01   9.770124e-06   1.090157e-05 
  3.951531e+01   9.770124e-06   1.090157e-05 
  3.962623e+01   9.770124e-06   1.090157e-05 
  3.967574e+01   9.770124e-06   1.090157e-05 
  4.271984e+01   9.770136e-06   1.090191e-05 
  4.276936e+01   9.770136e-06   1.090191e-05 
  4.276936e+01   9.770136e-06   1.090191e-05 
  4.326936e+01   9.770136e-06   1.090191e-05 
  4.331887e+01   9.770136e-06   1.090191e-05 
  4.636297e+01   9.770249e-06   1.090199e-05 
  4.641249e+01   9.770249e-06   1.090199e-05 
  4.652341e+01   9.770249e-06   1.090199e-05 
  4.657292e+01   9.770249e-06   1.090199e-05 
  4.961702e+01   9.770424e-06   1.090199e-05 
  4.966654e+01   9.770424e-06   1.090199e-05 
  4.966654e+01   9.770424e-06   1.090199e-05 
  4.966654e+01   9.770424e-06   1.090199e-05 
  4.999154e+01   9.770424e-06   1.090199e-05 
  5.014154e+01   9.772954e-06   1.090280e-05 
  5.014154e+01   9.772954e-06   1.090280e-05 
  5.014154e+01   9.772885e-06   1.090280e-05 
  5.014154e+01   9.772885e-06   1.090279e-05 
  5.046654e+01   9.772885e-06   1.090279e-05 
  5.051605e+01   9.772885e-06   1.090279e-05 
  5.356015e+01   9.773085e-06   1.090274e-05 
  5.360967e+01   9.773085e-06   1.090274e-05 
  5.372059e+01   9.773085e-06   1.090274e-05 
  5.377010e+01   9.773085e-06   1.090274e-05 
  5.681420e+01   9.773226e-06   1.090265e-05 
  5.686372e+01   9.773226e-06   1.090265e-05 
  5.686372e+01   9.773226e-06   1.090265e-05 
  5.736372e+01   9.773226e-06   1.090265e-05 
  5.741323e+01   9.773226e-06   1.090265e-05 
  6.045733e+01   9.773317e-06   1.090255e-05 
  6.050685e+01   9.773317e-06   1.090255e-05 
  6.061777e+01   9.773317e-06   1.090255e-05 
  6.066728e+01   9.773317e-06   1.090255e-05 
  6.371138e+01   9.773373e-06   1.090243e-05 
  6.376090e+01   9.773373e-06   1.090243e-05 
  6.376090e+01   9.773373e-06   1.090243e-05 
  6.408590e+01   9.773373e-06   1.090243e-05 
  6.423590e+01   9.772615e-06   1.088897e-05 
  6.423590e+01   9.772615e-06   1.088897e-05 
  6.423590e+01   9.772683e-06   1.088897e-05 
  6.423590e+01   9.772683e-06   1.088901e-05 
  6.456090e+01   9.772683e-06   1.088901e-05 
  6.461042e+01   9.772683e-06   1.088901e-05 
  6.765452e+01   9.772719e-06   1.088895e-05 
  6.770403e+01   9.772719e-06   1.088895e-05 
  6.781495e+01   9.772719e-06   1.088895e-05 
  6.786446e+01   9.772719e-06   1.088895e-05 
  7.090856e+01   9.772744e-06   1.088892e-05 
  7.095808e+01   9.772744e-06   1.088892e-05 
  7.095808e+01   9.772744e-06   1.088892e-05 
  7.145808e+01   9.772744e-06   1.088892e-05 
  7.150759e+01   9.772744e-06   1.088892e-05 
  7.455169e+01   9.772753e-06   1.088892e-05 
  7.460121e+01   9.772753e-06   1.088892e-05 
  7.471213e+01   9.772753e-06   1.088892e-05 
  7.476164e+01   9.772753e-06   1.088892e-05 
  7.780574e+01   9.772747e-06   1.088892e-05 
  7.785526e+01   9.772747e-06   1.088892e-05 
  7.785526e+01   9.772747e-06   1.088892e-05 
  7.818026e+01   9.772747e-06   1.088892e-05 
  7.833026e+01   9.772480e-06   1.088963e-05 
  7.833026e+01   9.772480e-06   1.088963e-05 
  7.833026e+01   9.772511e-06   1.088963e-05 
  7.833026e+01   9.772511e-06   1.088961e-05 
  7.865526e+01   9.772511e-06   1.088961e-05 
  7.870477e+01   9.772511e-06   1.088961e-05 
  8.174887e+01   9.772474e-06   1.088961e-05 
  8.179839e+01   9.772474e-06   1.088961e-05 
  8.190931e+01   9.772474e-06   1.088961e-05 
  8.195882e+01   9.772474e-06   1.088961e-05 
  8.500292e+01   9.772443e-06   1.088962e-05 
  8.505244e+01   9.772443e-06   1.088962e-05 
  8.505244e+01   9.772443e-06   1.088962e-05 
  8.555244e+01   9.772443e-06   1.088962e-05 
  8.560195e+01   9.772443e-06   1.088962e-05 
  8.864605e+01   9.772417e-06   1.088963e-05 
  8.869557e+01   9.772417e-06   1.088963e-05 
  8.880649e+01   9.772417e-06   1.088963e-05 
  8.885600e+01   9.772417e-06   1.088963e-05 
  9.190010e+01   9.772399e-06   1.088963e-05 
  9.194962e+01   9.772399e-06   1.088963e-05 
  9.194962e+01   9.772399e-06   1.088963e-05 
  9.227462e+01   9.772399e-06   1.088963e-05 
  9.242462e+01   9.772817e-06   1.089836e-05 
  9.242462e+01   9.772817e-06   1.089836e-05 
  9.242462e+01   9.772814e-06   1.089836e-05 
  9.242462e+01   9.772814e-06   1.089839e-05 
  9.274962e+01   9.772814e-06   1.089839e-05 
  9.279913e+01   9.772814e-06   1.089839e-05 
  9.584323e+01   9.772797e-06   1.089837e-05 
  9.589275e+01   9.772797e-06   1.089837e-05 
  9.600367e+01   9.772797e-06   1.089837e-05 
  9.605318e+01   9.772797e-06   1.089837e-05 
  9.909728e+01   9.772782e-06   1.089835e-05 
  9.914680e+01   9.772782e-06   1.089835e-05 
  9.914680e+01   9.772782e-06   1.089835e-05 
  9.939680e+01   9.772782e-06   1.089835e-05 
  9.939680e+01   9.772782e-06   1.089835e-05 
  9.964680e+01   9.772782e-06   1.089835e-05 
  9.969631e+01   9.772782e-06   1.089835e-05 
  1.027404e+02   9.772771e-06   1.089834e-05 
  1.027899e+02   9.772771e-06   1.089834e-05 
  1.029008e+02   9.772771e-06   1.089834e-05 
  1.029504e+02   9.772771e-06   1.089834e-05 
  1.059945e+02   9.772766e-06   1.089833e-05 
  1.060440e+02   9.772766e-06   1.089833e-05 
  1.060440e+02   9.772766e-06   1.089833e-05 
  1.063690e+02   9.772766e-06   1.089833e-05 
  1.065190e+02   9.772644e-06   1.089678e-05 
  1.065190e+02   9.772644e-06   1.089678e-05 
  1.065190e+02   9.772054e-06   1.089678e-05 
  1.065190e+02   9.772054e-06   1.089706e-05 
  1.068440e+02   9.772054e-06   1.089706e-05 
  1.068935e+02   9.772054e-06   1.089706e-05 
  1.099376e+02   9.772078e-06   1.089705e-05 
  1.099871e+02   9.772078e-06   1.089705e-05 
  1.100980e+02   9.772078e-06   1.089705e-05 
  1.101475e+02   9.772078e-06   1.089705e-05 
  1.131916e+02   9.772101e-06   1.089704e-05 
  1.132412e+02   9.772101e-06   1.089704e-05 
  1.132412e+02   9.772101e-06   1.089704e-05 
  1.137412e+02   9.772101e-06   1.089704e-05 
  1.137907e+02   9.772101e-06   1.089704e-05 
  1.168348e+02   9.772123e-06   1.089702e-05 
  1.168843e+02   9.772123e-06   1.089702e-05 
  1.169952e+02   9.772123e-06   1.089702e-05 
  1.170447e+02   9.772123e-06   1.089702e-05 
  1.200888e+02   9.772142e-06   1.089699e-05 
  1.201383e+02   9.772142e-06   1.089699e-05 
  1.201383e+02   9.772142e-06   1.089699e-05 
  1.204633e+02   9.772142e-06   1.089699e-05 
  1.206133e+02   9.771954e-06   1.089090e-05 
  1.206133e+02   9.771954e-06   1.089090e-05 
  1.206133e+02   9.772011e-06   1.089090e-05 
  1.206133e+02   9.772011e-06   1.089087e-05 
  1.209383e+02   9.772011e-06   1.089087e-05 
  1.209879e+02   9.772011e-06   1.089087e-05 
  1.240320e+02   9.772029e-06   1.089085e-05 
  1.240815e+02   9.772029e-06   1.089085e-05 
  1.241924e+02   9.772029e-06   1.089085e-05 
  1.242419e+02   9.772029e-06   1.089085e-05 
  1.272860e+02   9.772050e-06   1.089085e-05 
  1.273355e+02   9.772050e-06   1.089085e-05 
  1.273355e+02   9.772050e-06   1.089085e-05 
  1.278355e+02   9.772050e-06   1.089085e-05 
  1.278850e+02   9.772050e-06   1.089085e-05 
  1.309291e+02   9.772074e-06   1.089084e-05 
  1.309786e+02   9.772074e-06   1.089084e-05 
  1.310896e+02   9.772074e-06   1.089084e-05 
  1.311391e+02   9.772074e-06   1.089084e-05 
  1.341832e+02   9.772099e-06   1.089084e-05 
  1.342327e+02   9.772099e-06   1.089084e-05 
  1.342327e+02   9.772099e-06   1.089084e-05 
  1.345577e+02   9.772099e-06   1.089084e-05 
  1.347077e+02   9.773051e-06   1.089279e-05 
  1.347077e+02   9.773051e-06   1.089279e-05 
  1.347077e+02   9.772713e-06   1.089279e-05 
  1.347077e+02   9.772713e-06   1.089279e-05 
  1.350327e+02   9.772713e-06   1.089279e-05 
  1.350822e+02   9.772713e-06   1.089279e-05 
  1.381263e+02   9.772724e-06   1.089278e-05 
  1.381758e+02   9.772724e-06   1.089278e-05 
  1.382867e+02   9.772724e-06   1.089278e-05 
  1.383363e+02   9.772724e-06   1.089278e-05 
  1.413804e+02   9.772727e-06   1.089278e-05 
  1.414299e+02   9.772727e-06   1.089278e-05 
  1.414299e+02   9.772727e-06   1.089278e-05 
  1.419299e+02   9.772727e-06   1.089278e-05 
  1.419794e+02   9.772727e-06   1.089278e-05 
  1.450235e+02   9.772724e-06   1.089278e-05 
  1.450730e+02   9.772724e-06   1.089278e-05 
  1.451839e+02   9.772724e-06   1.089278e-05 
  1.452334e+02   9.772724e-06   1.089278e-05 
  1.482775e+02   9.772719e-06   1.089278e-05 
  1.483271e+02   9.772719e-06   1.089278e-05 
  1.483271e+02   9.772719e-06   1.089278e-05 
  1.486521e+02   9.772719e-06   1.089278e-05 
  1.488021e+02   9.772712e-06   1.089458e-05 
  1.488021e+02   9.772712e-06   1.089458e-05 
  1.488021e+02   9.772712e-06   1.089458e-05 
  1.488021e+02   9.772721e-06   1.089458e-05 
  1.488021e+02   9.772721e-06   1.089424e-05 
  1.491271e+02   9.772721e-06   1.089424e-05 
  1.491766e+02   9.772721e-06   1.089424e-05 
  1.522207e+02   9.772713e-06   1.089424e-05 
  1.522702e+02   9.772713e-06   1.089424e-05 
  1.523811e+02   9.772713e-06   1.089424e-05 
  1.524306e+02   9.772713e-06   1.089424e-05 
  1.554747e+02   9.772702e-06   1.089423e-05 
  1.555242e+02   9.772702e-06   1.089423e-05 
  1.555242e+02   9.772702e-06   1.089423e-05 
  1.560242e+02   9.772702e-06   1.089423e-05 
  1.560738e+02   9.772702e-06   1.089423e-05 
  1.591179e+02   9.772689e-06   1.089423e-05 
  1.591674e+02   9.772689e-06   1.089423e-05 
  1.592783e+02   9.772689e-06   1.089423e-05 
  1.593278e+02   9.772689e-06   1.089423e-05 
  1.623719e+02   9.772673e-06   1.089422e-05 
  1.624214e+02   9.772673e-06   1.089422e-05 
  1.624214e+02   9.772673e-06   1.089422e-05 
  1.627464e+02   9.772673e-06   1.089422e-05 
  1.627464e+02   9.772673e-06   1.089422e-05 
  1.637464e+02   9.772673e-06   1.089422e-05 
  1.638964e+02   9.780615e-06   1.089815e-05 
  1.638964e+02   9.780615e-06   1.089815e-05 
  1.638964e+02   9.781246e-06   1.089815e-05 
  1.638964e+02   9.781246e-06   1.089841e-05 
  1.651464e+02   9.781246e-06   1.089841e-05 
  1.652964e+02   9.773510e-06   1.089660e-05 
  1.658464e+02   9.773510e-06   1.089660e-05 
  1.658464e+02   9.773510e-06   1.089660e-05 
  1.713464e+02   9.773510e-06   1.089660e-05 
  1.713464e+02   9.773510e-06   1.089660e-05 
  1.768464e+02   9.773510e-06   1.089660e-05 
  1.768464e+02   9.773510e-06   1.089660e-05 
  1.773464e+02   9.773510e-06   1.089660e-05 
  1.774964e+02   9.772734e-06   1.088930e-05 
  1.787964e+02   9.772734e-06   1.088930e-05 
  1.789464e+02   9.773397e-06   1.089183e-05 
  1.789464e+02   9.773397e-06   1.089183e-05 
  1.789464e+02   9.774225e-06   1.089183e-05 
  1.789464e+02   9.774225e-06   1.089158e-05 
  1.805214e+02   9.774225e-06   1.089158e-05 
  1.805214e+02   9.774225e-06   1.089158e-05 
  1.807214e+02   9.774225e-06   1.089158e-05 
  1.807214e+02   9.774225e-06   1.089158e-05 
  1.809214e+02   9.774225e-06   1.089158e-05 
  1.809214e+02   9.774225e-06   1.089158e-05 
  1.812214e+02   9.858717e-06   1.091590e-05 
  1.815214e+02   9.858717e-06   1.091590e-05 
  1.818214e+02   9.813462e-06   1.089100e-05 
  1.818214e+02   9.813462e-06   1.089100e-05 
  1.818214e+02   9.814380e-06   1.089100e-05 
  1.818214e+02   9.814380e-06   1.089173e-05 
  1.822714e+02   9.814380e-06   1.089173e-05 
  1.842714e+02   1.313868e-04   1.089208e-05 
  1.863994e+02   1.313868e-04   1.089208e-05 
  1.866994e+02   1.313868e-04   1.089208e-05 
  1.869994e+02   2.056472e-04   1.088531e-05 
  1.871994e+02   2.056472e-04   1.088531e-05 
  1.871994e+02   2.056472e-04   1.088531e-05 
  1.874664e+02   2.056472e-04   1.088531e-05 
  1.877664e+02   1.744484e-04   1.090421e-05 
  1.877664e+02   1.744484e-04   1.090421e-05 
  1.877664e+02   1.746522e-04   1.090421e-05 
  1.877664e+02   1.746522e-04   1.090574e-05 
  1.927164e+02   1.746522e-04   1.090574e-05 
  1.947164e+02   2.153886e-04   1.090572e-05 
  1.996664e+02   2.153886e-04   1.090572e-05 
  1.999664e+02   2.395822e-04   1.094243e-05 
  1.999664e+02   2.395822e-04   1.094243e-05 
  1.999664e+02   2.392531e-04   1.094243e-05 
  1.999664e+02   2.392531e-04   1.094098e-05 
  2.002334e+02   2.392531e-04   1.094098e-05 
  2.002334e+02   1.258302e-04   1.091861e-05 
  2.004334e+02   1.258302e-04   1.091861e-05 
  2.007334e+02   1.056890e-04   1.090356e-05 
  2.010334e+02   1.056890e-04   1.090356e-05 
  2.010334e+02   1.056890e-04   1.090356e-05 
  2.031614e+02   1.056890e-04   1.090356e-05 
  2.051614e+02   1.093658e-05   1.090456e-05 
  2.056114e+02   1.093658e-05   1.090456e-05 
  2.059114e+02   1.093007e-05   1.095896e-05 
  2.059114e+02   1.093007e-05   1.095896e-05 
  2.059114e+02   1.091314e-05   1.095896e-05 
  2.059114e+02   1.091314e-05   1.095876e-05 
  2.062114e+02   1.091314e-05   1.095876e-05 
  2.065114e+02   1.106420e-05   1.091867e-05 
  2.065114e+02   1.106420e-05   1.091867e-05 
  2.069864e+02   1.106420e-05   1.091867e-05 
  2.071364e+02   1.113878e-05   1.091253e-05 
  2.081864e+02   1.113878e-05   1.091253e-05 
  2.083364e+02   1.106589e-05   1.092439e-05 
  2.083364e+02   1.106589e-05   1.092439e-05 
  2.083364e+02   1.106578e-05   1.092439e-05 
  2.083364e+02   1.106578e-05   1.092418e-05 
  2.093864e+02   1.106578e-05   1.092418e-05 
  2.095364e+02   1.107636e-05   1.092260e-05 
  2.100864e+02   1.107636e-05   1.092260e-05 
  2.146224e+02   1.107636e-05   1.092260e-05 
  2.146224e+02   1.107636e-05   1.092260e-05 
  2.148224e+02   1.107636e-05   1.092260e-05 
  2.149724e+02   1.105189e-05   1.092470e-05 
  2.158224e+02   1.105189e-05   1.092470e-05 
  2.158974e+02   1.107666e-05   1.092325e-05 
  2.158974e+02   1.107666e-05   1.092325e-05 
  2.158974e+02   1.107666e-05   1.092325e-05 
  2.158974e+02   1.107749e-05   1.092325e-05 
  2.158974e+02   1.107749e-05   1.092312e-05 
  2.159724e+02   1.110322e-05   1.092170e-05 
  2.280224e+02   1.110322e-05   1.092170e-05 
  2.281724e+02   1.109369e-05   1.092023e-05 
  2.281724e+02   1.109369e-05   1.092023e-05 
  2.281724e+02   1.109412e-05   1.092023e-05 
  2.281724e+02   1.109412e-05   1.092007e-05 
  2.402224e+02   1.109412e-05   1.092007e-05 
  2.403724e+02   1.107246e-05   1.092125e-05 
  2.403724e+02   1.107246e-05   1.092125e-05 
  2.403724e+02   1.106932e-05   1.092125e-05 
  2.403724e+02   1.106932e-05   1.092126e-05 
  2.524224e+02   1.106932e-05   1.092126e-05 
  2.525724e+02   1.108035e-05   1.092878e-05 
  2.525724e+02   1.108035e-05   1.092878e-05 
  2.525724e+02   1.108001e-05   1.092878e-05 
  2.525724e+02   1.108001e-05   1.092875e-05 
  2.646224e+02   1.108001e-05   1.092875e-05 
  2.647724e+02   1.108893e-05   1.092446e-05 
  2.647724e+02   1.108893e-05   1.092446e-05 
  2.647724e+02   1.108948e-05   1.092446e-05 
  2.647724e+02   1.108948e-05   1.092437e-05 
  2.768224e+02   1.108948e-05   1.092437e-05 
  2.769724e+02   1.107648e-05   1.093486e-05 
  2.769724e+02   1.107648e-05   1.093486e-05 
  2.769724e+02   1.107571e-05   1.093486e-05 
  2.769724e+02   1.107571e-05   1.093471e-05 
  2.890224e+02   1.107571e-05   1.093471e-05 
  2.891724e+02   1.110649e-05   1.093550e-05 
  2.891724e+02   1.110649e-05   1.093550e-05 
  2.891724e+02   1.110851e-05   1.093550e-05 
  2.891724e+02   1.110851e-05   1.093557e-05 
  2.919350e+02   1.110851e-05   1.093557e-05 
  2.922100e+02   1.110851e-05   1.093557e-05 
  2.925100e+02   1.114604e-05   1.094724e-05 
  2.928100e+02   1.114604e-05   1.094724e-05 
  2.931100e+02   1.108680e-05   1.092062e-05 
  2.931100e+02   1.108680e-05   1.092062e-05 
  2.931100e+02   1.111354e-05   1.092062e-05 
  2.931100e+02   1.111354e-05   1.091977e-05 
  2.948850e+02   1.111354e-05   1.091977e-05 
  2.950350e+02   1.111349e-05   1.091973e-05 
  2.950350e+02   1.111349e-05   1.091973e-05 
  2.950350e+02   1.111524e-05   1.091973e-05 
  2.950350e+02   1.111524e-05   1.091969e-05 
  2.956600e+02   1.111524e-05   1.091969e-05 
  2.956600e+02   1.111524e-05   1.091969e-05 
  2.958600e+02   1.111524e-05   1.091969e-05 
  2.958600e+02   1.111524e-05   1.091969e-05 
  2.960600e+02   1.111524e-05   1.091969e-05 
  2.963600e+02   1.109996e-05   1.091839e-05 
  2.966600e+02   1.109996e-05   1.091839e-05 
  2.969600e+02   1.110422e-05   1.092039e-05 
  2.969600e+02   1.110422e-05   1.092039e-05 
  2.969600e+02   1.111699e-05   1.092039e-05 
  2.969600e+02   1.111699e-05   1.092096e-05 
  2.972600e+02   1.111699e-05   1.092096e-05 
  2.972600e+02   1.111699e-05   1.092096e-05 
  2.987600e+02   2.108281e-04   1.092079e-05 
  3.007850e+02   2.108278e-04   1.092077e-05 
  3.009350e+02   2.102164e-04   1.092354e-05 
  3.009350e+02   2.102164e-04   1.092354e-05 
  3.009350e+02   2.102111e-04   1.092354e-05 
  3.009350e+02   2.102111e-04   1.092353e-05 
  3.013600e+02   2.102111e-04   1.092353e-05 
  3.040871e+02   2.099756e-04   1.007078e-03 
  3.048871e+02   2.099753e-04   1.007076e-03 
  3.051871e+02   2.173350e-04   9.972987e-04 
  3.051871e+02   2.173350e-04   9.972987e-04 
  3.051871e+02   2.173119e-04   9.972987e-04 
  3.051871e+02   2.173119e-04   9.972669e-04 
  3.065871e+02   2.173117e-04   9.972660e-04 
  3.068871e+02   3.382125e-04   9.958030e-04 
  3.073871e+02   3.382124e-04   9.958027e-04 
  3.076871e+02   2.579505e-04   9.988221e-04 
  3.076871e+02   2.579505e-04   9.988221e-04 
  3.076871e+02   2.579880e-04   9.988221e-04 
  3.076871e+02   2.579880e-04   9.987362e-04 
  3.082620e+02   2.579879e-04   9.987359e-04 
  3.082620e+02   2.579879e-04   9.987359e-04 
  3.088370e+02   2.579879e-04   9.987358e-04 
  3.091370e+02   2.111502e-04   9.959956e-04 
  3.091370e+02   2.111502e-04   9.959956e-04 
  3.091370e+02   2.111355e-04   9.959956e-04 
  3.091370e+02   2.111355e-04   9.958465e-04 
  3.096370e+02   2.111355e-04   9.958463e-04 
  3.099370e+02   4.080070e-04   9.962824e-04 
  3.113370e+02   4.080069e-04   9.962821e-04 
  3.116370e+02   3.700774e-04   1.013646e-03 
  3.116370e+02   3.700774e-04   1.013646e-03 
  3.116370e+02   3.700271e-04   1.013646e-03 
  3.116370e+02   3.700271e-04   1.013857e-03 
  3.124370e+02   3.700270e-04   1.013857e-03 
  3.151641e+02   3.716021e-04   1.198365e-05 
  3.155891e+02   3.716017e-04   1.198364e-05 
  3.157391e+02   3.734401e-04   1.197143e-05 
  3.157391e+02   3.734401e-04   1.197143e-05 
  3.157391e+02   3.734401e-04   1.197143e-05 
  3.157391e+02   3.734401e-04   1.197143e-05 
  3.162391e+02   3.734398e-04   1.197142e-05 
  3.162391e+02   3.734398e-04   1.197142e-05 
  3.174641e+02   3.734395e-04   1.197141e-05 
  3.174641e+02   3.734395e-04   1.197141e-05 
  3.174641e+02   3.734395e-04   1.197141e-05 
  3.177641e+02   3.734395e-04   1.197141e-05 
  3.178641e+02   3.734395e-04   1.197140e-05 
  3.185221e+02   1.852588e-04   1.197175e-05 
  3.186061e+02   1.852588e-04   1.197175e-05 
  3.192641e+02   2.749085e-05   1.197175e-05 
  3.192641e+02   2.749085e-05   1.197175e-05 
