Printout for SDDS file one.twi

       s            betay          alphay          etay          etayp     
       m              m                             m                      
---------------------------------------------------------------------------
  0.000000e+00   3.900000e+01   7.300000e-01   0.000000e+00   0.000000e+00 
  0.000000e+00   3.900000e+01   7.300000e-01   0.000000e+00   0.000000e+00 
  0.000000e+00   3.900000e+01   7.300000e-01   0.000000e+00   0.000000e+00 
  0.000000e+00   3.900000e+01   7.300000e-01   0.000000e+00   0.000000e+00 
  0.000000e+00   3.900000e+01   7.300000e-01   0.000000e+00   0.000000e+00 
  2.500000e-01   3.863746e+01   7.201737e-01   0.000000e+00   0.000000e+00 
  2.500000e-01   3.863746e+01   7.201737e-01   0.000000e+00   0.000000e+00 
  2.500000e-01   3.863746e+01   7.201737e-01   0.000000e+00   0.000000e+00 
  2.500000e-01   3.863746e+01   7.201737e-01   0.000000e+00   0.000000e+00 
  2.500000e-01   3.863746e+01   7.201737e-01   0.000000e+00   0.000000e+00 
  5.000000e-01   3.827983e+01   7.103474e-01   0.000000e+00   0.000000e+00 
  8.500000e-01   3.819190e+01   9.851335e+00   0.000000e+00   0.000000e+00 
  1.700000e+00   2.329948e+01   7.669158e+00   0.000000e+00   0.000000e+00 
  2.875000e+00   8.821390e+00   4.652619e+00   0.000000e+00   0.000000e+00 
  3.025000e+00   8.670057e+00  -3.596167e+00   0.000000e+00   0.000000e+00 
  3.225000e+00   1.017280e+01  -3.917559e+00   0.000000e+00   0.000000e+00 
  3.225000e+00   1.017280e+01  -3.917559e+00   0.000000e+00   0.000000e+00 
  3.675000e+00   1.402401e+01  -4.640690e+00   0.000000e+00   0.000000e+00 
  3.675000e+00   1.402401e+01  -4.640690e+00   0.000000e+00   0.000000e+00 
  4.075000e+00   1.799368e+01  -5.283473e+00   0.000000e+00   0.000000e+00 
  4.225000e+00   1.530613e+01   2.171298e+01   0.000000e+00   0.000000e+00 
  4.225000e+00   1.530613e+01   2.171298e+01   0.000000e+00   0.000000e+00 
  4.225000e+00   1.530613e+01   2.171298e+01   0.000000e+00   0.000000e+00 
  4.225000e+00   1.530613e+01   2.171298e+01   0.000000e+00   0.000000e+00 
  4.575000e+00   3.888249e+00   1.090955e+01   0.000000e+00   0.000000e+00 
  4.725000e+00   1.799916e+00   4.055573e+00   0.000000e+00   0.000000e+00 
  5.600000e+00   2.124327e+00  -4.426328e+00   0.000000e+00   0.000000e+00 
  6.475000e+00   1.729207e+01  -1.290823e+01   0.000000e+00   0.000000e+00 
  6.475000e+00   1.729207e+01  -1.290823e+01   0.000000e+00   0.000000e+00 
  6.475000e+00   1.729207e+01  -1.290823e+01   0.000000e+00   0.000000e+00 
  6.475000e+00   1.729207e+01  -1.290823e+01   0.000000e+00   0.000000e+00 
  6.625000e+00   2.627012e+01  -5.142909e+01   0.000000e+00   0.000000e+00 
  6.975000e+00   7.460879e+01  -8.668141e+01   0.000000e+00   0.000000e+00 
  7.125000e+00   8.182490e+01   4.256791e+01   0.000000e+00   0.000000e+00 
  7.525000e+00   5.131575e+01   3.370495e+01   0.000000e+00   0.000000e+00 
  7.975000e+00   2.546817e+01   2.373412e+01   0.000000e+00   0.000000e+00 
  7.975000e+00   2.546817e+01   2.373412e+01   0.000000e+00   0.000000e+00 
  8.175000e+00   1.686082e+01   1.930264e+01   0.000000e+00   0.000000e+00 
  8.175000e+00   1.686082e+01   1.930264e+01   0.000000e+00   0.000000e+00 
  8.175000e+00   1.686082e+01   1.930264e+01   0.000000e+00   0.000000e+00 
  8.175000e+00   1.686082e+01   1.930264e+01   0.000000e+00   0.000000e+00 
  8.325000e+00   1.354972e+01   3.812050e+00   0.000000e+00   0.000000e+00 
  9.500000e+00   6.173978e+00   2.465175e+00   0.000000e+00   0.000000e+00 
  1.035000e+01   2.811366e+00   1.490840e+00   0.000000e+00   0.000000e+00 
  1.070000e+01   1.522222e+00   1.453092e+00   0.000000e+00   0.000000e+00 
  1.172500e+01   6.908985e-01  -6.420440e-01   0.000000e+00   0.000000e+00 
  1.172500e+01   6.908985e-01  -6.420440e-01   0.000000e+00   0.000000e+00 
  1.172500e+01   6.908985e-01  -6.420440e-01   0.000000e+00   0.000000e+00 
  1.172500e+01   6.908985e-01  -6.420440e-01   0.000000e+00   0.000000e+00 
  1.187500e+01   1.004541e+00  -1.509548e+00   0.000000e+00   0.000000e+00 
  1.212500e+01   1.963310e+00  -2.325526e+00   0.000000e+00   0.000000e+00 
  1.227500e+01   2.623022e+00  -2.004830e+00   0.000000e+00   0.000000e+00 
  1.332500e+01   8.942879e+00  -4.014081e+00   0.000000e+00   0.000000e+00 
  1.347500e+01   1.029323e+01  -5.019820e+00   0.000000e+00   0.000000e+00 
  1.382500e+01   1.411889e+01  -5.910649e+00   0.000000e+00   0.000000e+00 
  1.397500e+01   1.501890e+01   3.503586e-02   0.000000e+00   0.000000e+00 
  1.450000e+01   1.500049e+01   3.700371e-05   0.000000e+00   0.000000e+00 
  1.450000e+01   1.500049e+01   3.700371e-05   0.000000e+00   0.000000e+00 
  1.472500e+01   1.500385e+01  -1.496251e-02   0.000000e+00   0.000000e+00 
  1.472500e+01   1.500385e+01  -1.496251e-02   0.000000e+00   0.000000e+00 
  1.502500e+01   1.501883e+01  -3.496185e-02   0.000000e+00   0.000000e+00 
  1.517500e+01   1.467221e+01   2.327195e+00   0.000000e+00   0.000000e+00 
  1.572500e+01   1.224457e+01   2.086692e+00   0.000000e+00   0.000000e+00 
  1.587500e+01   1.195464e+01  -1.362835e-01   0.000000e+00   0.000000e+00 
  1.587500e+01   1.195464e+01  -1.362835e-01   0.000000e+00   0.000000e+00 
  1.587500e+01   1.195464e+01  -1.362835e-01   0.000000e+00   0.000000e+00 
  1.587500e+01   1.195464e+01  -1.362835e-01   0.000000e+00   0.000000e+00 
  1.640000e+01   1.212122e+01  -1.810152e-01   0.000000e+00   0.000000e+00 
  1.644952e+01   1.213936e+01  -1.852340e-01   0.000000e+00   0.000000e+00 
  1.949362e+01   1.339201e+01  -2.466059e-01   0.000000e+00   0.000000e+00 
  1.954313e+01   1.341663e+01  -2.505281e-01   0.000000e+00   0.000000e+00 
  1.965405e+01   1.347318e+01  -2.593143e-01   0.000000e+00   0.000000e+00 
  1.970357e+01   1.349905e+01  -2.632366e-01   0.000000e+00   0.000000e+00 
  2.274767e+01   1.548064e+01  -3.932458e-01   0.000000e+00   0.000000e+00 
  2.279718e+01   1.551976e+01  -3.969390e-01   0.000000e+00   0.000000e+00 
  2.279718e+01   1.551976e+01  -3.969390e-01   0.000000e+00   0.000000e+00 
  2.304718e+01   1.572289e+01  -4.155855e-01   0.000000e+00   0.000000e+00 
  2.329718e+01   1.593535e+01  -4.342321e-01   0.000000e+00   0.000000e+00 
  2.389718e+01   1.648328e+01  -4.789838e-01   0.000000e+00   0.000000e+00 
  2.429718e+01   1.687840e+01  -5.088183e-01   0.000000e+00   0.000000e+00 
  2.444718e+01   1.520397e+01   1.125255e+01   0.000000e+00   0.000000e+00 
  2.444718e+01   1.520397e+01   1.125255e+01   0.000000e+00   0.000000e+00 
  2.444718e+01   1.520397e+01   1.125255e+01   0.000000e+00   0.000000e+00 
  2.444718e+01   1.520397e+01   1.125255e+01   0.000000e+00   0.000000e+00 
  2.484718e+01   7.544951e+00   7.895009e+00   0.000000e+00   0.000000e+00 
  2.499718e+01   5.933607e+00   3.171807e+00   0.000000e+00   0.000000e+00 
  2.539718e+01   3.694404e+00   2.426199e+00   0.000000e+00   0.000000e+00 
  2.559718e+01   2.798485e+00   2.053395e+00   0.000000e+00   0.000000e+00 
  2.719718e+01   9.995114e-01  -9.290367e-01   0.000000e+00   0.000000e+00 
  2.739718e+01   1.445687e+00  -1.301841e+00   0.000000e+00   0.000000e+00 
  2.764718e+01   2.213108e+00  -1.767846e+00   0.000000e+00   0.000000e+00 
  2.764718e+01   2.213108e+00  -1.767846e+00   0.000000e+00   0.000000e+00 
  2.789718e+01   3.213533e+00  -2.233851e+00   0.000000e+00   0.000000e+00 
  2.789718e+01   3.213533e+00  -2.233851e+00   0.000000e+00   0.000000e+00 
  2.814718e+01   4.446959e+00  -2.699856e+00   0.000000e+00   0.000000e+00 
  2.814718e+01   4.446959e+00  -2.699856e+00   0.000000e+00   0.000000e+00 
  2.839718e+01   5.913388e+00  -3.165861e+00   0.000000e+00   0.000000e+00 
  2.859718e+01   7.254293e+00  -3.538665e+00   0.000000e+00   0.000000e+00 
  3.019718e+01   2.334991e+01  -6.521097e+00   0.000000e+00   0.000000e+00 
  3.039718e+01   2.603291e+01  -6.893901e+00   0.000000e+00   0.000000e+00 
  3.069718e+01   3.033701e+01  -7.453107e+00   0.000000e+00   0.000000e+00 
  3.084718e+01   3.361878e+01  -1.465245e+01   0.000000e+00   0.000000e+00 
  3.084718e+01   3.361878e+01  -1.465245e+01   0.000000e+00   0.000000e+00 
  3.084718e+01   3.361878e+01  -1.465245e+01   0.000000e+00   0.000000e+00 
  3.084718e+01   3.361878e+01  -1.465245e+01   0.000000e+00   0.000000e+00 
  3.144718e+01   5.351143e+01  -1.850198e+01   0.000000e+00   0.000000e+00 
  3.159718e+01   5.574753e+01   3.902165e+00   0.000000e+00   0.000000e+00 
  3.409718e+01   3.805594e+01   3.174469e+00   0.000000e+00   0.000000e+00 
  3.409718e+01   3.805594e+01   3.174469e+00   0.000000e+00   0.000000e+00 
  3.459718e+01   3.495424e+01   3.028930e+00   0.000000e+00   0.000000e+00 
  3.459718e+01   3.495424e+01   3.028930e+00   0.000000e+00   0.000000e+00 
  3.459718e+01   3.495424e+01   3.028930e+00   0.000000e+00   0.000000e+00 
  3.459718e+01   3.495424e+01   3.028930e+00   0.000000e+00   0.000000e+00 
  3.474718e+01   3.520399e+01  -4.712280e+00   0.000000e+00   0.000000e+00 
  3.524718e+01   4.008107e+01  -5.041868e+00   0.000000e+00   0.000000e+00 
  3.539718e+01   4.114127e+01  -1.999275e+00   0.000000e+00   0.000000e+00 
  3.589718e+01   4.317091e+01  -2.060006e+00   0.000000e+00   0.000000e+00 
  3.604718e+01   4.322414e+01   1.706693e+00   0.000000e+00   0.000000e+00 
  3.604718e+01   4.322414e+01   1.706693e+00   0.000000e+00   0.000000e+00 
  3.604718e+01   4.322414e+01   1.706693e+00   0.000000e+00   0.000000e+00 
  3.604718e+01   4.322414e+01   1.706693e+00   0.000000e+00   0.000000e+00 
  3.604718e+01   4.322414e+01   1.706693e+00   0.000000e+00   0.000000e+00 
  3.637218e+01   4.212435e+01   1.677273e+00   0.000000e+00   0.000000e+00 
  3.642169e+01   4.195847e+01   1.672791e+00   0.000000e+00   0.000000e+00 
  3.946579e+01   3.214682e+01   1.526162e+00   0.000000e+00   0.000000e+00 
  3.951531e+01   3.199593e+01   1.521035e+00   0.000000e+00   0.000000e+00 
  3.962623e+01   3.165978e+01   1.509548e+00   0.000000e+00   0.000000e+00 
  3.967574e+01   3.151055e+01   1.504420e+00   0.000000e+00   0.000000e+00 
  4.271984e+01   2.308717e+01   1.250672e+00   0.000000e+00   0.000000e+00 
  4.276936e+01   2.296359e+01   1.245173e+00   0.000000e+00   0.000000e+00 
  4.276936e+01   2.296359e+01   1.245173e+00   0.000000e+00   0.000000e+00 
  4.326936e+01   2.174618e+01   1.189640e+00   0.000000e+00   0.000000e+00 
  4.331887e+01   2.162865e+01   1.184141e+00   0.000000e+00   0.000000e+00 
  4.636297e+01   1.534249e+01   8.750175e-01   0.000000e+00   0.000000e+00 
  4.641249e+01   1.525612e+01   8.693192e-01   0.000000e+00   0.000000e+00 
  4.652341e+01   1.506468e+01   8.565542e-01   0.000000e+00   0.000000e+00 
  4.657292e+01   1.498014e+01   8.508559e-01   0.000000e+00   0.000000e+00 
  4.961702e+01   1.081158e+01   5.156888e-01   0.000000e+00   0.000000e+00 
  4.966654e+01   1.076080e+01   5.098910e-01   0.000000e+00   0.000000e+00 
  4.966654e+01   1.076080e+01   5.098910e-01   0.000000e+00   0.000000e+00 
  4.966654e+01   1.076080e+01   5.098910e-01   0.000000e+00   0.000000e+00 
  4.999154e+01   1.044174e+01   4.718366e-01   0.000000e+00   0.000000e+00 
  5.014154e+01   1.043875e+01  -4.518032e-01   0.000000e+00   0.000000e+00 
  5.014154e+01   1.043875e+01  -4.518032e-01   0.000000e+00   0.000000e+00 
  5.014154e+01   1.043875e+01  -4.518032e-01   0.000000e+00   0.000000e+00 
  5.014154e+01   1.043875e+01  -4.518032e-01   0.000000e+00   0.000000e+00 
  5.046654e+01   1.074460e+01  -4.892925e-01   0.000000e+00   0.000000e+00 
  5.051605e+01   1.079334e+01  -4.950041e-01   0.000000e+00   0.000000e+00 
  5.356015e+01   1.482909e+01  -8.298005e-01   0.000000e+00   0.000000e+00 
  5.360967e+01   1.491154e+01  -8.354387e-01   0.000000e+00   0.000000e+00 
  5.372059e+01   1.509828e+01  -8.480690e-01   0.000000e+00   0.000000e+00 
  5.377010e+01   1.518254e+01  -8.537072e-01   0.000000e+00   0.000000e+00 
  5.681420e+01   2.138127e+01  -1.181309e+00   0.000000e+00   0.000000e+00 
  5.686372e+01   2.149853e+01  -1.186856e+00   0.000000e+00   0.000000e+00 
  5.686372e+01   2.149853e+01  -1.186856e+00   0.000000e+00   0.000000e+00 
  5.736372e+01   2.271339e+01  -1.242875e+00   0.000000e+00   0.000000e+00 
  5.741323e+01   2.283675e+01  -1.248422e+00   0.000000e+00   0.000000e+00 
  6.045733e+01   3.141003e+01  -1.566456e+00   0.000000e+00   0.000000e+00 
  6.050685e+01   3.156543e+01  -1.571900e+00   0.000000e+00   0.000000e+00 
  6.061777e+01   3.191549e+01  -1.584097e+00   0.000000e+00   0.000000e+00 
  6.066728e+01   3.207264e+01  -1.589541e+00   0.000000e+00   0.000000e+00 
  6.371138e+01   4.269397e+01  -1.898092e+00   0.000000e+00   0.000000e+00 
  6.376090e+01   4.288221e+01  -1.903430e+00   0.000000e+00   0.000000e+00 
  6.376090e+01   4.288221e+01  -1.903430e+00   0.000000e+00   0.000000e+00 
  6.408590e+01   4.413082e+01  -1.938468e+00   0.000000e+00   0.000000e+00 
  6.423590e+01   4.413510e+01   1.910058e+00   0.000000e+00   0.000000e+00 
  6.423590e+01   4.413510e+01   1.910058e+00   0.000000e+00   0.000000e+00 
  6.423590e+01   4.413510e+01   1.910058e+00   0.000000e+00   0.000000e+00 
  6.423590e+01   4.413510e+01   1.910058e+00   0.000000e+00   0.000000e+00 
  6.456090e+01   4.290469e+01   1.875829e+00   0.000000e+00   0.000000e+00 
  6.461042e+01   4.271919e+01   1.870614e+00   0.000000e+00   0.000000e+00 
  6.765452e+01   3.224849e+01   1.566707e+00   0.000000e+00   0.000000e+00 
  6.770403e+01   3.209360e+01   1.561403e+00   0.000000e+00   0.000000e+00 
  6.781495e+01   3.174854e+01   1.549521e+00   0.000000e+00   0.000000e+00 
  6.786446e+01   3.159535e+01   1.544216e+00   0.000000e+00   0.000000e+00 
  7.090856e+01   2.315060e+01   1.228356e+00   0.000000e+00   0.000000e+00 
  7.095808e+01   2.302922e+01   1.222990e+00   0.000000e+00   0.000000e+00 
  7.095808e+01   2.302922e+01   1.222990e+00   0.000000e+00   0.000000e+00 
  7.145808e+01   2.183333e+01   1.168804e+00   0.000000e+00   0.000000e+00 
  7.150759e+01   2.171784e+01   1.163438e+00   0.000000e+00   0.000000e+00 
  7.455169e+01   1.561783e+01   8.394867e-01   0.000000e+00   0.000000e+00 
  7.460121e+01   1.553496e+01   8.340820e-01   0.000000e+00   0.000000e+00 
  7.471213e+01   1.535127e+01   8.219747e-01   0.000000e+00   0.000000e+00 
  7.476164e+01   1.527014e+01   8.165700e-01   0.000000e+00   0.000000e+00 
  7.780574e+01   1.129715e+01   4.880245e-01   0.000000e+00   0.000000e+00 
  7.785526e+01   1.124909e+01   4.825977e-01   0.000000e+00   0.000000e+00 
  7.785526e+01   1.124909e+01   4.825977e-01   0.000000e+00   0.000000e+00 
  7.818026e+01   1.094698e+01   4.469777e-01   0.000000e+00   0.000000e+00 
  7.833026e+01   1.095798e+01  -5.206162e-01   0.000000e+00   0.000000e+00 
  7.833026e+01   1.095798e+01  -5.206162e-01   0.000000e+00   0.000000e+00 
  7.833026e+01   1.095798e+01  -5.206162e-01   0.000000e+00   0.000000e+00 
  7.833026e+01   1.095798e+01  -5.206162e-01   0.000000e+00   0.000000e+00 
  7.865526e+01   1.130863e+01  -5.583137e-01   0.000000e+00   0.000000e+00 
  7.870477e+01   1.136420e+01  -5.640571e-01   0.000000e+00   0.000000e+00 
  8.174887e+01   1.586009e+01  -9.124937e-01   0.000000e+00   0.000000e+00 
  8.179839e+01   1.595074e+01  -9.182152e-01   0.000000e+00   0.000000e+00 
  8.190931e+01   1.615586e+01  -9.310321e-01   0.000000e+00   0.000000e+00 
  8.195882e+01   1.624834e+01  -9.367536e-01   0.000000e+00   0.000000e+00 
  8.500292e+01   2.300536e+01  -1.282452e+00   0.000000e+00   0.000000e+00 
  8.505244e+01   2.313264e+01  -1.288145e+00   0.000000e+00   0.000000e+00 
  8.505244e+01   2.313264e+01  -1.288145e+00   0.000000e+00   0.000000e+00 
  8.555244e+01   2.444952e+01  -1.345624e+00   0.000000e+00   0.000000e+00 
  8.560195e+01   2.458306e+01  -1.351317e+00   0.000000e+00   0.000000e+00 
  8.864605e+01   3.385292e+01  -1.693257e+00   0.000000e+00   0.000000e+00 
  8.869557e+01   3.402088e+01  -1.698913e+00   0.000000e+00   0.000000e+00 
  8.880649e+01   3.439917e+01  -1.711584e+00   0.000000e+00   0.000000e+00 
  8.885600e+01   3.456895e+01  -1.717240e+00   0.000000e+00   0.000000e+00 
  9.190010e+01   4.605451e+01  -2.055140e+00   0.000000e+00   0.000000e+00 
  9.194962e+01   4.625831e+01  -2.060757e+00   0.000000e+00   0.000000e+00 
  9.194962e+01   4.625831e+01  -2.060757e+00   0.000000e+00   0.000000e+00 
  9.227462e+01   4.760978e+01  -2.097619e+00   0.000000e+00   0.000000e+00 
  9.242462e+01   4.761622e+01   2.054892e+00   0.000000e+00   0.000000e+00 
  9.242462e+01   4.761622e+01   2.054892e+00   0.000000e+00   0.000000e+00 
  9.242462e+01   4.761622e+01   2.054892e+00   0.000000e+00   0.000000e+00 
  9.242462e+01   4.761622e+01   2.054892e+00   0.000000e+00   0.000000e+00 
  9.274962e+01   4.629212e+01   2.019246e+00   0.000000e+00   0.000000e+00 
  9.279913e+01   4.609243e+01   2.013815e+00   0.000000e+00   0.000000e+00 
  9.584323e+01   3.482522e+01   1.686652e+00   0.000000e+00   0.000000e+00 
  9.589275e+01   3.465846e+01   1.681185e+00   0.000000e+00   0.000000e+00 
  9.600367e+01   3.428687e+01   1.668939e+00   0.000000e+00   0.000000e+00 
  9.605318e+01   3.412186e+01   1.663473e+00   0.000000e+00   0.000000e+00 
  9.909728e+01   2.500218e+01   1.331763e+00   0.000000e+00   0.000000e+00 
  9.914680e+01   2.487057e+01   1.326270e+00   0.000000e+00   0.000000e+00 
  9.914680e+01   2.487057e+01   1.326270e+00   0.000000e+00   0.000000e+00 
  9.939680e+01   2.421437e+01   1.298537e+00   0.000000e+00   0.000000e+00 
  9.939680e+01   2.421437e+01   1.298537e+00   0.000000e+00   0.000000e+00 
  9.964680e+01   2.357203e+01   1.270803e+00   0.000000e+00   0.000000e+00 
  9.969631e+01   2.344646e+01   1.265310e+00   0.000000e+00   0.000000e+00 
  1.027404e+02   1.676165e+01   9.302702e-01   0.000000e+00   0.000000e+00 
  1.027899e+02   1.666979e+01   9.247597e-01   0.000000e+00   0.000000e+00 
  1.029008e+02   1.646601e+01   9.124154e-01   0.000000e+00   0.000000e+00 
  1.029504e+02   1.637593e+01   9.069049e-01   0.000000e+00   0.000000e+00 
  1.059945e+02   1.187982e+01   5.698367e-01   0.000000e+00   0.000000e+00 
  1.060440e+02   1.182366e+01   5.643153e-01   0.000000e+00   0.000000e+00 
  1.060440e+02   1.182366e+01   5.643153e-01   0.000000e+00   0.000000e+00 
  1.063690e+02   1.146863e+01   5.280747e-01   0.000000e+00   0.000000e+00 
  1.065190e+02   1.146198e+01  -4.835553e-01   0.000000e+00   0.000000e+00 
  1.065190e+02   1.146198e+01  -4.835553e-01   0.000000e+00   0.000000e+00 
  1.065190e+02   1.146198e+01  -4.835553e-01   0.000000e+00   0.000000e+00 
  1.065190e+02   1.146198e+01  -4.835553e-01   0.000000e+00   0.000000e+00 
  1.068440e+02   1.178766e+01  -5.185399e-01   0.000000e+00   0.000000e+00 
  1.068935e+02   1.183928e+01  -5.238699e-01   0.000000e+00   0.000000e+00 
  1.099376e+02   1.602019e+01  -8.494128e-01   0.000000e+00   0.000000e+00 
  1.099871e+02   1.610457e+01  -8.547336e-01   0.000000e+00   0.000000e+00 
  1.100980e+02   1.629550e+01  -8.666528e-01   0.000000e+00   0.000000e+00 
  1.101475e+02   1.638159e+01  -8.719736e-01   0.000000e+00   0.000000e+00 
  1.131916e+02   2.267825e+01  -1.196274e+00   0.000000e+00   0.000000e+00 
  1.132412e+02   2.279698e+01  -1.201581e+00   0.000000e+00   0.000000e+00 
  1.132412e+02   2.279698e+01  -1.201581e+00   0.000000e+00   0.000000e+00 
  1.137412e+02   2.402536e+01  -1.255181e+00   0.000000e+00   0.000000e+00 
  1.137907e+02   2.414993e+01  -1.260489e+00   0.000000e+00   0.000000e+00 
  1.168348e+02   3.280676e+01  -1.583024e+00   0.000000e+00   0.000000e+00 
  1.168843e+02   3.296379e+01  -1.588315e+00   0.000000e+00   0.000000e+00 
  1.169952e+02   3.331745e+01  -1.600169e+00   0.000000e+00   0.000000e+00 
  1.170447e+02   3.347618e+01  -1.605460e+00   0.000000e+00   0.000000e+00 
  1.200888e+02   4.422739e+01  -1.926020e+00   0.000000e+00   0.000000e+00 
  1.201383e+02   4.441838e+01  -1.931293e+00   0.000000e+00   0.000000e+00 
  1.201383e+02   4.441838e+01  -1.931293e+00   0.000000e+00   0.000000e+00 
  1.204633e+02   4.568497e+01  -1.965901e+00   0.000000e+00   0.000000e+00 
  1.206133e+02   4.567714e+01   2.017857e+00   0.000000e+00   0.000000e+00 
  1.206133e+02   4.567714e+01   2.017857e+00   0.000000e+00   0.000000e+00 
  1.206133e+02   4.567714e+01   2.017857e+00   0.000000e+00   0.000000e+00 
  1.206133e+02   4.567714e+01   2.017857e+00   0.000000e+00   0.000000e+00 
  1.209383e+02   4.437726e+01   1.981770e+00   0.000000e+00   0.000000e+00 
  1.209879e+02   4.418128e+01   1.976272e+00   0.000000e+00   0.000000e+00 
  1.240320e+02   3.316691e+01   1.641582e+00   0.000000e+00   0.000000e+00 
  1.240815e+02   3.300461e+01   1.636066e+00   0.000000e+00   0.000000e+00 
  1.241924e+02   3.264304e+01   1.623709e+00   0.000000e+00   0.000000e+00 
  1.242419e+02   3.248252e+01   1.618193e+00   0.000000e+00   0.000000e+00 
  1.272860e+02   2.365531e+01   1.281275e+00   0.000000e+00   0.000000e+00 
  1.273355e+02   2.352870e+01   1.275746e+00   0.000000e+00   0.000000e+00 
  1.273355e+02   2.352870e+01   1.275746e+00   0.000000e+00   0.000000e+00 
  1.278355e+02   2.228087e+01   1.219909e+00   0.000000e+00   0.000000e+00 
  1.278850e+02   2.216034e+01   1.214379e+00   0.000000e+00   0.000000e+00 
  1.309291e+02   1.579701e+01   8.757953e-01   0.000000e+00   0.000000e+00 
  1.309786e+02   1.571056e+01   8.702567e-01   0.000000e+00   0.000000e+00 
  1.310896e+02   1.551888e+01   8.578494e-01   0.000000e+00   0.000000e+00 
  1.311391e+02   1.543420e+01   8.523108e-01   0.000000e+00   0.000000e+00 
  1.341832e+02   1.127856e+01   5.127072e-01   0.000000e+00   0.000000e+00 
  1.342327e+02   1.122806e+01   5.071630e-01   0.000000e+00   0.000000e+00 
  1.342327e+02   1.122806e+01   5.071630e-01   0.000000e+00   0.000000e+00 
  1.345577e+02   1.091023e+01   4.707725e-01   0.000000e+00   0.000000e+00 
  1.347077e+02   1.091360e+01  -4.933234e-01   0.000000e+00   0.000000e+00 
  1.347077e+02   1.091360e+01  -4.933234e-01   0.000000e+00   0.000000e+00 
  1.347077e+02   1.091360e+01  -4.933234e-01   0.000000e+00   0.000000e+00 
  1.347077e+02   1.091360e+01  -4.933234e-01   0.000000e+00   0.000000e+00 
  1.350327e+02   1.124630e+01  -5.303500e-01   0.000000e+00   0.000000e+00 
  1.350822e+02   1.129910e+01  -5.359912e-01   0.000000e+00   0.000000e+00 
  1.381263e+02   1.561474e+01  -8.816166e-01   0.000000e+00   0.000000e+00 
  1.381758e+02   1.570233e+01  -8.872523e-01   0.000000e+00   0.000000e+00 
  1.382867e+02   1.590056e+01  -8.998771e-01   0.000000e+00   0.000000e+00 
  1.383363e+02   1.598995e+01  -9.055128e-01   0.000000e+00   0.000000e+00 
  1.413804e+02   2.255311e+01  -1.250367e+00   0.000000e+00   0.000000e+00 
  1.414299e+02   2.267721e+01  -1.255995e+00   0.000000e+00   0.000000e+00 
  1.414299e+02   2.267721e+01  -1.255995e+00   0.000000e+00   0.000000e+00 
  1.419299e+02   2.396162e+01  -1.312826e+00   0.000000e+00   0.000000e+00 
  1.419794e+02   2.409191e+01  -1.318454e+00   0.000000e+00   0.000000e+00 
  1.450235e+02   3.316587e+01  -1.662191e+00   0.000000e+00   0.000000e+00 
  1.450730e+02   3.333075e+01  -1.667809e+00   0.000000e+00   0.000000e+00 
  1.451839e+02   3.370213e+01  -1.680394e+00   0.000000e+00   0.000000e+00 
  1.452334e+02   3.386882e+01  -1.686011e+00   0.000000e+00   0.000000e+00 
  1.482775e+02   4.517674e+01  -2.028469e+00   0.000000e+00   0.000000e+00 
  1.483271e+02   4.537790e+01  -2.034075e+00   0.000000e+00   0.000000e+00 
  1.483271e+02   4.537790e+01  -2.034075e+00   0.000000e+00   0.000000e+00 
  1.486521e+02   4.671201e+01  -2.070870e+00   0.000000e+00   0.000000e+00 
  1.488021e+02   4.672218e+01   2.003383e+00   0.000000e+00   0.000000e+00 
  1.488021e+02   4.672218e+01   2.003383e+00   0.000000e+00   0.000000e+00 
  1.488021e+02   4.672218e+01   2.003383e+00   0.000000e+00   0.000000e+00 
  1.488021e+02   4.672218e+01   2.003383e+00   0.000000e+00   0.000000e+00 
  1.488021e+02   4.672218e+01   2.003383e+00   0.000000e+00   0.000000e+00 
  1.491271e+02   4.543131e+01   1.968509e+00   0.000000e+00   0.000000e+00 
  1.491766e+02   4.523663e+01   1.963196e+00   0.000000e+00   0.000000e+00 
  1.522207e+02   3.427155e+01   1.638635e+00   0.000000e+00   0.000000e+00 
  1.522702e+02   3.410954e+01   1.633311e+00   0.000000e+00   0.000000e+00 
  1.523811e+02   3.374852e+01   1.621384e+00   0.000000e+00   0.000000e+00 
  1.524306e+02   3.358822e+01   1.616060e+00   0.000000e+00   0.000000e+00 
  1.554747e+02   2.474083e+01   1.290159e+00   0.000000e+00   0.000000e+00 
  1.555242e+02   2.461333e+01   1.284826e+00   0.000000e+00   0.000000e+00 
  1.555242e+02   2.461333e+01   1.284826e+00   0.000000e+00   0.000000e+00 
  1.560242e+02   2.335543e+01   1.230977e+00   0.000000e+00   0.000000e+00 
  1.560738e+02   2.323379e+01   1.225645e+00   0.000000e+00   0.000000e+00 
  1.591179e+02   1.676980e+01   8.978050e-01   0.000000e+00   0.000000e+00 
  1.591674e+02   1.668115e+01   8.924724e-01   0.000000e+00   0.000000e+00 
  1.592783e+02   1.648449e+01   8.805267e-01   0.000000e+00   0.000000e+00 
  1.593278e+02   1.639756e+01   8.751941e-01   0.000000e+00   0.000000e+00 
  1.623719e+02   1.206718e+01   5.473542e-01   0.000000e+00   0.000000e+00 
  1.624214e+02   1.201324e+01   5.420216e-01   0.000000e+00   0.000000e+00 
  1.624214e+02   1.201324e+01   5.420216e-01   0.000000e+00   0.000000e+00 
  1.627464e+02   1.167230e+01   5.070202e-01   0.000000e+00   0.000000e+00 
  1.627464e+02   1.167230e+01   5.070202e-01   0.000000e+00   0.000000e+00 
  1.637464e+02   1.076596e+01   3.993233e-01   0.000000e+00   0.000000e+00 
  1.637464e+02   1.076596e+01   3.993233e-01   0.000000e+00   0.000000e+00 
  1.638964e+02   1.033549e+01   2.442098e+00   0.000000e+00   0.000000e+00 
  1.638964e+02   1.033549e+01   2.442098e+00   0.000000e+00   0.000000e+00 
  1.638964e+02   1.033549e+01   2.442098e+00   0.000000e+00   0.000000e+00 
  1.638964e+02   1.033549e+01   2.442098e+00   0.000000e+00   0.000000e+00 
  1.651464e+02   5.283025e+00   1.599873e+00   0.000000e+00   0.000000e+00 
  1.652964e+02   4.976666e+00   4.639504e-01   0.000000e+00   0.000000e+00 
  1.658464e+02   4.540188e+00   3.296462e-01   0.000000e+00   0.000000e+00 
  1.658464e+02   4.540188e+00   3.296462e-01   0.000000e+00   0.000000e+00 
  1.713464e+02   8.300815e+00  -1.013397e+00   0.000000e+00   0.000000e+00 
  1.713464e+02   8.300815e+00  -1.013397e+00   0.000000e+00   0.000000e+00 
  1.768464e+02   2.683491e+01  -2.356439e+00   0.000000e+00   0.000000e+00 
  1.768464e+02   2.683491e+01  -2.356439e+00   0.000000e+00   0.000000e+00 
  1.773464e+02   2.925240e+01  -2.478534e+00   0.000000e+00   0.000000e+00 
  1.774964e+02   2.911360e+01   3.394518e+00   0.000000e+00   0.000000e+00 
  1.787964e+02   2.101478e+01   2.835344e+00   0.000000e+00   0.000000e+00 
  1.789464e+02   2.058343e+01   5.938223e-02   0.000000e+00   0.000000e+00 
  1.789464e+02   2.058343e+01   5.938223e-02   0.000000e+00   0.000000e+00 
  1.789464e+02   2.058343e+01   5.938223e-02   0.000000e+00   0.000000e+00 
  1.789464e+02   2.058343e+01   5.938223e-02   0.000000e+00   0.000000e+00 
  1.805214e+02   2.051732e+01  -1.740545e-02   0.000000e+00   0.000000e+00 
  1.805214e+02   2.051732e+01  -1.740545e-02   0.000000e+00   0.000000e+00 
  1.807214e+02   2.052623e+01  -2.715627e-02   0.000000e+00   0.000000e+00 
  1.807214e+02   2.052623e+01  -2.715627e-02   0.000000e+00   0.000000e+00 
  1.809214e+02   2.053904e+01  -3.690708e-02   0.000000e+00   0.000000e+00 
  1.809214e+02   2.053904e+01  -3.690708e-02   0.000000e+00   0.000000e+00 
  1.812214e+02   2.513964e+01  -1.634591e+01   0.000000e+00   0.000000e+00 
  1.815214e+02   3.590730e+01  -1.954631e+01   0.000000e+00   0.000000e+00 
  1.818214e+02   4.118365e+01   3.013378e+00   0.000000e+00   0.000000e+00 
  1.818214e+02   4.118365e+01   3.013378e+00   0.000000e+00   0.000000e+00 
  1.818214e+02   4.118365e+01   3.013378e+00   0.000000e+00   0.000000e+00 
  1.818214e+02   4.118365e+01   3.013378e+00   0.000000e+00   0.000000e+00 
  1.822714e+02   3.852117e+01   2.903232e+00   0.000000e+00   0.000000e+00 
  1.842714e+02   2.631667e+01   3.050404e+00   0.000000e+00   0.000000e+00 
  1.863994e+02   1.510735e+01   2.217131e+00   0.000000e+00   0.000000e+00 
  1.866994e+02   1.381232e+01   2.099658e+00   0.000000e+00   0.000000e+00 
  1.869994e+02   1.619672e+01  -1.071194e+01   0.000000e+00   0.000000e+00 
  1.871994e+02   2.076735e+01  -1.214119e+01   0.000000e+00   0.000000e+00 
  1.871994e+02   2.076735e+01  -1.214119e+01   0.000000e+00   0.000000e+00 
  1.874664e+02   2.776019e+01  -1.404923e+01   0.000000e+00   0.000000e+00 
  1.877664e+02   3.068906e+01   4.926953e+00   0.000000e+00   0.000000e+00 
  1.877664e+02   3.068906e+01   4.926953e+00   0.000000e+00   0.000000e+00 
  1.877664e+02   3.068906e+01   4.926953e+00   0.000000e+00   0.000000e+00 
  1.877664e+02   3.068906e+01   4.926953e+00   0.000000e+00   0.000000e+00 
  1.927164e+02   2.091971e+00   8.502372e-01   0.000000e+00   0.000000e+00 
  1.947164e+02   1.967509e+00  -7.895218e-01   0.000000e+00   0.000000e+00 
  1.996664e+02   3.000020e+01  -4.873648e+00   0.000000e+00   0.000000e+00 
  1.999664e+02   2.716885e+01   1.369220e+01   0.000000e+00   0.000000e+00 
  1.999664e+02   2.716885e+01   1.369220e+01   0.000000e+00   0.000000e+00 
  1.999664e+02   2.716885e+01   1.369220e+01   0.000000e+00   0.000000e+00 
  1.999664e+02   2.716885e+01   1.369220e+01   0.000000e+00   0.000000e+00 
  2.002334e+02   2.035176e+01   1.183996e+01   0.000000e+00   0.000000e+00 
  2.002334e+02   2.035176e+01   1.183996e+01   0.000000e+00   0.000000e+00 
  2.004334e+02   1.589327e+01   1.045252e+01   0.000000e+00   0.000000e+00 
  2.007334e+02   1.358772e+01  -2.125059e+00   0.000000e+00   0.000000e+00 
  2.010334e+02   1.489929e+01  -2.246843e+00   0.000000e+00   0.000000e+00 
  2.010334e+02   1.489929e+01  -2.246843e+00   0.000000e+00   0.000000e+00 
  2.031614e+02   2.630013e+01  -3.110695e+00   0.000000e+00   0.000000e+00 
  2.051614e+02   3.879820e+01  -2.986150e+00   0.000000e+00   0.000000e+00 
  2.056114e+02   4.153750e+01  -3.101173e+00   0.000000e+00   0.000000e+00 
  2.059114e+02   3.624945e+01   1.967076e+01   0.000000e+00   0.000000e+00 
  2.059114e+02   3.624945e+01   1.967076e+01   0.000000e+00   0.000000e+00 
  2.059114e+02   3.624945e+01   1.967076e+01   0.000000e+00   0.000000e+00 
  2.059114e+02   3.624945e+01   1.967076e+01   0.000000e+00   0.000000e+00 
  2.062114e+02   2.541017e+01   1.646018e+01   0.000000e+00   0.000000e+00 
  2.065114e+02   2.079459e+01  -2.400207e-02   0.000000e+00   0.000000e+00 
  2.065114e+02   2.079459e+01  -2.400207e-02   0.000000e+00   0.000000e+00 
  2.069864e+02   2.082825e+01  -4.685771e-02   0.000000e+00   0.000000e+00 
  2.071364e+02   2.129025e+01  -3.054970e+00   0.000000e+00   0.000000e+00 
  2.081864e+02   2.824076e+01  -3.564568e+00   0.000000e+00   0.000000e+00 
  2.083364e+02   2.851586e+01   1.747781e+00   0.000000e+00   0.000000e+00 
  2.083364e+02   2.851586e+01   1.747781e+00   0.000000e+00   0.000000e+00 
  2.083364e+02   2.851586e+01   1.747781e+00   0.000000e+00   0.000000e+00 
  2.083364e+02   2.851586e+01   1.747781e+00   0.000000e+00   0.000000e+00 
  2.093864e+02   2.500229e+01   1.598479e+00   0.000000e+00   0.000000e+00 
  2.095364e+02   2.462460e+01   9.227625e-01   0.000000e+00   0.000000e+00 
  2.100864e+02   2.363231e+01   8.814087e-01   0.000000e+00   0.000000e+00 
  2.146224e+02   1.718320e+01   5.403530e-01   0.000000e+00   0.000000e+00 
  2.146224e+02   1.718320e+01   5.403530e-01   0.000000e+00   0.000000e+00 
  2.148224e+02   1.697006e+01   5.253153e-01   0.000000e+00   0.000000e+00 
  2.149724e+02   1.667891e+01   1.410513e+00   0.000000e+00   0.000000e+00 
  2.158224e+02   1.441054e+01   1.258158e+00   0.000000e+00   0.000000e+00 
  2.158974e+02   1.427588e+01   5.395252e-01   0.000000e+00   0.000000e+00 
  2.158974e+02   1.427588e+01   5.395252e-01   0.000000e+00   0.000000e+00 
  2.158974e+02   1.427588e+01   5.395252e-01   0.000000e+00   0.000000e+00 
  2.158974e+02   1.427588e+01   5.395252e-01   0.000000e+00   0.000000e+00 
  2.158974e+02   1.427588e+01   5.395252e-01   0.000000e+00   0.000000e+00 
  2.159724e+02   1.424828e+01  -1.710927e-01   0.000000e+00   0.000000e+00 
  2.280224e+02   2.886081e+01  -1.041565e+00   0.000000e+00   0.000000e+00 
  2.281724e+02   2.874569e+01   1.805191e+00   0.000000e+00   0.000000e+00 
  2.281724e+02   2.874569e+01   1.805191e+00   0.000000e+00   0.000000e+00 
  2.281724e+02   2.874569e+01   1.805191e+00   0.000000e+00   0.000000e+00 
  2.281724e+02   2.874569e+01   1.805191e+00   0.000000e+00   0.000000e+00 
  2.402224e+02   6.752545e+00   1.996682e-02   0.000000e+00   0.000000e+00 
  2.403724e+02   6.850535e+00  -6.764635e-01   0.000000e+00   0.000000e+00 
  2.403724e+02   6.850535e+00  -6.764635e-01   0.000000e+00   0.000000e+00 
  2.403724e+02   6.850535e+00  -6.764635e-01   0.000000e+00   0.000000e+00 
  2.403724e+02   6.850535e+00  -6.764635e-01   0.000000e+00   0.000000e+00 
  2.524224e+02   5.404835e+01  -3.240367e+00   0.000000e+00   0.000000e+00 
  2.525724e+02   5.421763e+01   2.117401e+00   0.000000e+00   0.000000e+00 
  2.525724e+02   5.421763e+01   2.117401e+00   0.000000e+00   0.000000e+00 
  2.525724e+02   5.421763e+01   2.117401e+00   0.000000e+00   0.000000e+00 
  2.525724e+02   5.421763e+01   2.117401e+00   0.000000e+00   0.000000e+00 
  2.646224e+02   1.787355e+01   8.987049e-01   0.000000e+00   0.000000e+00 
  2.647724e+02   1.787007e+01  -8.753912e-01   0.000000e+00   0.000000e+00 
  2.647724e+02   1.787007e+01  -8.753912e-01   0.000000e+00   0.000000e+00 
  2.647724e+02   1.787007e+01  -8.753912e-01   0.000000e+00   0.000000e+00 
  2.647724e+02   1.787007e+01  -8.753912e-01   0.000000e+00   0.000000e+00 
  2.768224e+02   5.331907e+01  -2.066434e+00   0.000000e+00   0.000000e+00 
  2.769724e+02   5.314787e+01   3.202162e+00   0.000000e+00   0.000000e+00 
  2.769724e+02   5.314787e+01   3.202162e+00   0.000000e+00   0.000000e+00 
  2.769724e+02   5.314787e+01   3.202162e+00   0.000000e+00   0.000000e+00 
  2.769724e+02   5.314787e+01   3.202162e+00   0.000000e+00   0.000000e+00 
  2.890224e+02   6.721793e+00   6.506242e-01   0.000000e+00   0.000000e+00 
  2.891724e+02   6.629688e+00  -3.355979e-02   0.000000e+00   0.000000e+00 
  2.891724e+02   6.629688e+00  -3.355979e-02   0.000000e+00   0.000000e+00 
  2.891724e+02   6.629688e+00  -3.355979e-02   0.000000e+00   0.000000e+00 
  2.891724e+02   6.629688e+00  -3.355979e-02   0.000000e+00   0.000000e+00 
  2.919350e+02   7.967529e+00  -4.507205e-01   0.000000e+00   0.000000e+00 
  2.922100e+02   8.226845e+00  -4.922473e-01   0.000000e+00   0.000000e+00 
  2.925100e+02   9.773252e+00  -4.901136e+00   0.000000e+00   0.000000e+00 
  2.928100e+02   1.294435e+01  -5.669186e+00   0.000000e+00   0.000000e+00 
  2.931100e+02   1.335951e+01   4.391119e+00   0.000000e+00   0.000000e+00 
  2.931100e+02   1.335951e+01   4.391119e+00   0.000000e+00   0.000000e+00 
  2.931100e+02   1.335951e+01   4.391119e+00   0.000000e+00   0.000000e+00 
  2.931100e+02   1.335951e+01   4.391119e+00   0.000000e+00   0.000000e+00 
  2.948850e+02   2.554202e+00   1.696378e+00   0.000000e+00   0.000000e+00 
  2.950350e+02   2.076664e+00   1.485883e+00   0.000000e+00   0.000000e+00 
  2.950350e+02   2.076664e+00   1.485883e+00   0.000000e+00   0.000000e+00 
  2.950350e+02   2.076664e+00   1.485883e+00   0.000000e+00   0.000000e+00 
  2.950350e+02   2.076664e+00   1.485883e+00   0.000000e+00   0.000000e+00 
  2.956600e+02   8.227131e-01   5.204378e-01   0.000000e+00   0.000000e+00 
  2.956600e+02   8.227131e-01   5.204378e-01   0.000000e+00   0.000000e+00 
  2.958600e+02   6.763265e-01   2.114952e-01   0.000000e+00   0.000000e+00 
  2.958600e+02   6.763265e-01   2.114952e-01   0.000000e+00   0.000000e+00 
  2.960600e+02   6.535169e-01  -9.744734e-02   0.000000e+00   0.000000e+00 
  2.963600e+02   1.028830e+00  -1.245806e+00   0.000000e+00   0.000000e+00 
  2.966600e+02   1.999560e+00  -1.989962e+00   0.000000e+00   0.000000e+00 
  2.969600e+02   2.608145e+00   1.743093e-01   0.000000e+00   0.000000e+00 
  2.969600e+02   2.608145e+00   1.743093e-01   0.000000e+00   0.000000e+00 
  2.969600e+02   2.608145e+00   1.743093e-01   0.000000e+00   0.000000e+00 
  2.969600e+02   2.608145e+00   1.743093e-01   0.000000e+00   0.000000e+00 
  2.972600e+02   2.539115e+00   5.579017e-02   0.000000e+00   0.000000e+00 
  2.972600e+02   2.539115e+00   5.579017e-02   0.000000e+00   0.000000e+00 
  2.987600e+02   3.262134e+00  -4.710739e-01   0.000000e+00   0.000000e+00 
  3.007850e+02   6.705971e+00  -1.229586e+00   0.000000e+00   0.000000e+00 
  3.009350e+02   7.261230e+00  -2.503400e+00   0.000000e+00   0.000000e+00 
  3.009350e+02   7.261230e+00  -2.503400e+00   0.000000e+00   0.000000e+00 
  3.009350e+02   7.261230e+00  -2.503400e+00   0.000000e+00   0.000000e+00 
  3.009350e+02   7.261230e+00  -2.503400e+00   0.000000e+00   0.000000e+00 
  3.013600e+02   9.569890e+00  -2.928739e+00   0.000000e+00   0.000000e+00 
  3.040871e+02   3.202423e+01  -5.572229e+00  -5.855813e-01  -4.433893e-01 
  3.048871e+02   4.158031e+01  -6.372866e+00  -9.402927e-01  -4.433893e-01 
  3.051871e+02   3.471288e+01   2.719406e+01  -9.449645e-01   4.129388e-01 
  3.051871e+02   3.471288e+01   2.719406e+01  -9.449645e-01   4.129388e-01 
  3.051871e+02   3.471288e+01   2.719406e+01  -9.449645e-01   4.129388e-01 
  3.051871e+02   3.471288e+01   2.719406e+01  -9.449645e-01   4.129388e-01 
  3.065871e+02   3.814603e-01  -2.671620e+00  -3.668502e-01   4.129388e-01 
  3.068871e+02   4.571239e+00  -1.266430e+01  -2.931192e-01   9.083388e-02 
  3.073871e+02   2.606162e+01  -3.031646e+01  -2.477022e-01   9.083388e-02 
  3.076871e+02   3.626455e+01  -9.024755e-02  -1.842933e-01   3.208731e-01 
  3.076871e+02   3.626455e+01  -9.024755e-02  -1.842933e-01   3.208731e-01 
  3.076871e+02   3.626455e+01  -9.024755e-02  -1.842933e-01   3.208731e-01 
  3.076871e+02   3.626455e+01  -9.024755e-02  -1.842933e-01   3.208731e-01 
  3.082620e+02   3.637752e+01  -1.062316e-01   1.994367e-04   3.208731e-01 
  3.082620e+02   3.637752e+01  -1.062316e-01   1.994367e-04   3.208731e-01 
  3.088370e+02   3.650887e+01  -1.222156e-01   1.846922e-01   3.208731e-01 
  3.091370e+02   2.634011e+01   3.042709e+01   2.480406e-01   9.044128e-02 
  3.091370e+02   2.634011e+01   3.042709e+01   2.480406e-01   9.044128e-02 
  3.091370e+02   2.634011e+01   3.042709e+01   2.480406e-01   9.044128e-02 
  3.091370e+02   2.634011e+01   3.042709e+01   2.480406e-01   9.044128e-02 
  3.096370e+02   4.709565e+00   1.283400e+01   2.932613e-01   9.044128e-02 
  3.099370e+02   4.304320e-01   2.828982e+00   3.668904e-01   4.126352e-01 
  3.113370e+02   3.350566e+01  -2.645414e+01   9.445796e-01   4.126352e-01 
  3.116370e+02   4.026376e+01   5.964422e+00   9.398709e-01  -4.433265e-01 
  3.116370e+02   4.026376e+01   5.964422e+00   9.398709e-01  -4.433265e-01 
  3.116370e+02   4.026376e+01   5.964422e+00   9.398709e-01  -4.433265e-01 
  3.116370e+02   4.026376e+01   5.964422e+00   9.398709e-01  -4.433265e-01 
  3.124370e+02   3.130204e+01   5.237727e+00   5.852097e-01  -4.433265e-01 
  3.151641e+02   9.969930e+00   2.838375e+00  -2.057289e-04   6.279186e-05 
  3.155891e+02   7.721386e+00   2.452318e+00  -1.790424e-04   6.279186e-05 
  3.157391e+02   7.191390e+00   1.110821e+00  -1.718602e-04   3.317332e-05 
  3.157391e+02   7.191390e+00   1.110821e+00  -1.718602e-04   3.317332e-05 
  3.157391e+02   7.191390e+00   1.110821e+00  -1.718602e-04   3.317332e-05 
  3.157391e+02   7.191390e+00   1.110821e+00  -1.718602e-04   3.317332e-05 
  3.162391e+02   6.158229e+00   9.555018e-01  -1.552735e-04   3.317332e-05 
  3.162391e+02   6.158229e+00   9.555018e-01  -1.552735e-04   3.317332e-05 
  3.174641e+02   4.283401e+00   5.749695e-01  -1.146362e-04   3.317332e-05 
  3.174641e+02   4.283401e+00   5.749695e-01  -1.146362e-04   3.317332e-05 
  3.174641e+02   4.283401e+00   5.749695e-01  -1.146362e-04   3.317332e-05 
  3.177641e+02   3.966377e+00   4.817779e-01  -1.046842e-04   3.317332e-05 
  3.178641e+02   3.873128e+00   4.507140e-01  -1.013669e-04   3.317332e-05 
  3.185221e+02   3.305684e+00   2.827902e-01  -7.798410e-05   3.462566e-05 
  3.186061e+02   3.260480e+00   2.553473e-01  -7.507554e-05   3.462566e-05 
  3.192641e+02   3.019152e+00   7.360316e-02  -5.172221e-05   3.548774e-05 
  3.192641e+02   3.019152e+00   7.360316e-02  -5.172221e-05   3.548774e-05 
