Printout for SDDS file one.twi

       s            betax          alphax          etax          etaxp     
       m              m                             m                      
---------------------------------------------------------------------------
  0.000000e+00   3.900000e+01   7.300000e-01   0.000000e+00   0.000000e+00 
  0.000000e+00   3.900000e+01   7.300000e-01   0.000000e+00   0.000000e+00 
  0.000000e+00   3.900000e+01   7.300000e-01   0.000000e+00   0.000000e+00 
  0.000000e+00   3.900000e+01   7.300000e-01   0.000000e+00   0.000000e+00 
  0.000000e+00   3.900000e+01   7.300000e-01   0.000000e+00   0.000000e+00 
  2.500000e-01   3.863746e+01   7.201737e-01   0.000000e+00   0.000000e+00 
  2.500000e-01   3.863746e+01   7.201737e-01   0.000000e+00   0.000000e+00 
  2.500000e-01   3.863746e+01   7.201737e-01   0.000000e+00   0.000000e+00 
  2.500000e-01   3.863746e+01   7.201737e-01   0.000000e+00   0.000000e+00 
  2.500000e-01   3.863746e+01   7.201737e-01   0.000000e+00   0.000000e+00 
  5.000000e-01   3.827983e+01   7.103474e-01   0.000000e+00   0.000000e+00 
  8.500000e-01   3.437334e+01   6.961486e-01  -5.290158e-02  -3.144315e-01 
  1.700000e+00   3.322109e+01   6.594362e-01  -3.201684e-01  -3.144315e-01 
  2.875000e+00   3.173105e+01   6.086866e-01  -6.896255e-01  -3.144315e-01 
  3.025000e+00   2.724734e+01   2.784639e+01  -6.870273e-01   3.486600e-01 
  3.225000e+00   1.724859e+01   2.214733e+01  -6.172953e-01   3.486600e-01 
  3.225000e+00   1.724859e+01   2.214733e+01  -6.172953e-01   3.486600e-01 
  3.675000e+00   3.086299e+00   9.324434e+00  -4.603983e-01   3.486600e-01 
  3.675000e+00   3.086299e+00   9.324434e+00  -4.603983e-01   3.486600e-01 
  4.075000e+00   1.860028e-01  -2.073695e+00  -3.209343e-01   3.486600e-01 
  4.225000e+00   1.659447e+00  -8.538556e+00  -3.065913e-01  -1.535321e-01 
  4.225000e+00   1.659447e+00  -8.538556e+00  -3.065913e-01  -1.535321e-01 
  4.225000e+00   1.659447e+00  -8.538556e+00  -3.065913e-01  -1.535321e-01 
  4.225000e+00   1.659447e+00  -8.538556e+00  -3.065913e-01  -1.535321e-01 
  4.575000e+00   1.309223e+01  -2.412653e+01  -3.603275e-01  -1.535321e-01 
  4.725000e+00   1.744038e+01  -2.622619e+00  -3.421673e-01   3.910479e-01 
  5.600000e+00   2.237581e+01  -3.017872e+00  -3.677111e-07   3.910479e-01 
  6.475000e+00   2.800293e+01  -3.413125e+00   3.421666e-01   3.910479e-01 
  6.475000e+00   2.800293e+01  -3.413125e+00   3.421666e-01   3.910479e-01 
  6.475000e+00   2.800293e+01  -3.413125e+00   3.421666e-01   3.910479e-01 
  6.475000e+00   2.800293e+01  -3.413125e+00   3.421666e-01   3.910479e-01 
  6.625000e+00   2.297059e+01   3.437134e+01   3.603269e-01  -1.535310e-01 
  6.975000e+00   5.216218e+00   1.635542e+01   3.065910e-01  -1.535310e-01 
  7.125000e+00   2.109575e+00   6.019686e+00   3.209341e-01   3.486608e-01 
  7.525000e+00   1.180251e-01  -1.040812e+00   4.603985e-01   3.486608e-01 
  7.975000e+00   4.629133e+00  -8.983872e+00   6.172958e-01   3.486608e-01 
  7.975000e+00   4.629133e+00  -8.983872e+00   6.172958e-01   3.486608e-01 
  8.175000e+00   8.928731e+00  -1.251412e+01   6.870280e-01   3.486608e-01 
  8.175000e+00   8.928731e+00  -1.251412e+01   6.870280e-01   3.486608e-01 
  8.175000e+00   8.928731e+00  -1.251412e+01   6.870280e-01   3.486608e-01 
  8.175000e+00   8.928731e+00  -1.251412e+01   6.870280e-01   3.486608e-01 
  8.325000e+00   1.149900e+01  -3.797645e+00   6.896262e-01  -3.144314e-01 
  9.500000e+00   2.227512e+01  -5.373519e+00   3.201692e-01  -3.144314e-01 
  1.035000e+01   3.237910e+01  -6.513512e+00   5.290248e-02  -3.144314e-01 
  1.070000e+01   4.044555e+01  -6.954413e+00   9.753132e-07   9.381550e-08 
  1.172500e+01   5.598438e+01  -8.205427e+00   1.071474e-06   9.381550e-08 
  1.172500e+01   5.598438e+01  -8.205427e+00   1.071474e-06   9.381550e-08 
  1.172500e+01   5.598438e+01  -8.205427e+00   1.071474e-06   9.381550e-08 
  1.172500e+01   5.598438e+01  -8.205427e+00   1.071474e-06   9.381550e-08 
  1.187500e+01   5.357355e+01   2.380605e+01   1.038800e-06  -5.262892e-07 
  1.212500e+01   4.233285e+01   2.115675e+01   9.072276e-07  -5.262892e-07 
  1.227500e+01   3.801100e+01   8.096564e+00   8.486481e-07  -2.577662e-07 
  1.332500e+01   2.293861e+01   6.258094e+00   5.779937e-07  -2.577662e-07 
  1.347500e+01   2.087300e+01   7.464253e+00   5.363575e-07  -2.968949e-07 
  1.382500e+01   1.598088e+01   6.513251e+00   4.324443e-07  -2.968949e-07 
  1.397500e+01   1.501844e+01   3.497127e-02   4.009159e-07  -1.256520e-07 
  1.450000e+01   1.500010e+01  -2.850719e-05   3.349486e-07  -1.256520e-07 
  1.450000e+01   1.500010e+01  -2.850719e-05   3.349486e-07  -1.256520e-07 
  1.472500e+01   1.500348e+01  -1.502841e-02   3.066769e-07  -1.256520e-07 
  1.472500e+01   1.500348e+01  -1.502841e-02   3.066769e-07  -1.256520e-07 
  1.502500e+01   1.501850e+01  -3.502828e-02   2.689813e-07  -1.256520e-07 
  1.517500e+01   1.539491e+01  -2.494430e+00   2.532999e-07  -8.385307e-08 
  1.572500e+01   1.828069e+01  -2.752451e+00   2.071807e-07  -8.385307e-08 
  1.587500e+01   1.860697e+01   5.970882e-01   1.918359e-07  -1.202774e-07 
  1.587500e+01   1.860697e+01   5.970882e-01   1.918359e-07  -1.202774e-07 
  1.587500e+01   1.860697e+01   5.970882e-01   1.918359e-07  -1.202774e-07 
  1.587500e+01   1.860697e+01   5.970882e-01   1.918359e-07  -1.202774e-07 
  1.640000e+01   1.800012e+01   5.588139e-01   1.286903e-07  -1.202774e-07 
  1.644952e+01   1.794496e+01   5.552041e-01   1.227348e-07  -1.202774e-07 
  1.949362e+01   1.443116e+01   5.477182e-01  -1.974257e-07  -9.695740e-08 
  1.954313e+01   1.437714e+01   5.432577e-01  -2.022265e-07  -9.695740e-08 
  1.965405e+01   1.425773e+01   5.332658e-01  -2.129811e-07  -9.695740e-08 
  1.970357e+01   1.420515e+01   5.288054e-01  -2.177819e-07  -9.695740e-08 
  2.274767e+01   1.152331e+01   3.364900e-01  -4.391620e-07  -8.143093e-08 
  2.279718e+01   1.149023e+01   3.317065e-01  -4.431941e-07  -8.143093e-08 
  2.279718e+01   1.149023e+01   3.317065e-01  -4.431941e-07  -8.143093e-08 
  2.304718e+01   1.133041e+01   3.075549e-01  -4.635518e-07  -8.143093e-08 
  2.329718e+01   1.118267e+01   2.834033e-01  -4.839096e-07  -8.143093e-08 
  2.389718e+01   1.087737e+01   2.254395e-01  -5.327681e-07  -8.143093e-08 
  2.429718e+01   1.071247e+01   1.867969e-01  -5.653405e-07  -8.143093e-08 
  2.444718e+01   1.189726e+01  -8.377520e+00  -6.096791e-07  -5.152475e-07 
  2.444718e+01   1.189726e+01  -8.377520e+00  -6.096791e-07  -5.152475e-07 
  2.444718e+01   1.189726e+01  -8.377520e+00  -6.096791e-07  -5.152475e-07 
  2.444718e+01   1.189726e+01  -8.377520e+00  -6.096791e-07  -5.152475e-07 
  2.484718e+01   1.955657e+01  -1.077077e+01  -8.157781e-07  -5.152475e-07 
  2.499718e+01   2.099591e+01   1.468640e+00  -8.549868e-07  -3.556637e-09 
  2.539718e+01   1.984505e+01   1.408497e+00  -8.564094e-07  -3.556637e-09 
  2.559718e+01   1.928767e+01   1.378425e+00  -8.571207e-07  -3.556637e-09 
  2.719718e+01   1.526163e+01   1.137852e+00  -8.628114e-07  -3.556637e-09 
  2.739718e+01   1.481250e+01   1.107781e+00  -8.635227e-07  -3.556637e-09 
  2.764718e+01   1.426801e+01   1.070191e+00  -8.644118e-07  -3.556637e-09 
  2.764718e+01   1.426801e+01   1.070191e+00  -8.644118e-07  -3.556637e-09 
  2.789718e+01   1.374231e+01   1.032602e+00  -8.653010e-07  -3.556637e-09 
  2.789718e+01   1.374231e+01   1.032602e+00  -8.653010e-07  -3.556637e-09 
  2.814718e+01   1.323540e+01   9.950121e-01  -8.661902e-07  -3.556637e-09 
  2.814718e+01   1.323540e+01   9.950121e-01  -8.661902e-07  -3.556637e-09 
  2.839718e+01   1.274730e+01   9.574226e-01  -8.670793e-07  -3.556637e-09 
  2.859718e+01   1.237034e+01   9.273510e-01  -8.677906e-07  -3.556637e-09 
  3.019718e+01   9.787734e+00   6.867782e-01  -8.734813e-07  -3.556637e-09 
  3.039718e+01   9.519037e+00   6.567065e-01  -8.741926e-07  -3.556637e-09 
  3.069718e+01   9.138546e+00   6.115991e-01  -8.752596e-07  -3.556637e-09 
  3.084718e+01   8.679967e+00   2.413721e+00  -8.621683e-07   1.776530e-07 
  3.084718e+01   8.679967e+00   2.413721e+00  -8.621683e-07   1.776530e-07 
  3.084718e+01   8.679967e+00   2.413721e+00  -8.621683e-07   1.776530e-07 
  3.084718e+01   8.679967e+00   2.413721e+00  -8.621683e-07   1.776530e-07 
  3.144718e+01   6.066612e+00   1.941872e+00  -7.555765e-07   1.776530e-07 
  3.159718e+01   5.859501e+00  -5.328873e-01  -7.520564e-07  -1.304784e-07 
  3.409718e+01   9.893475e+00  -1.080702e+00  -1.078252e-06  -1.304784e-07 
  3.409718e+01   9.893475e+00  -1.080702e+00  -1.078252e-06  -1.304784e-07 
  3.459718e+01   1.102896e+01  -1.190265e+00  -1.143492e-06  -1.304784e-07 
  3.459718e+01   1.102896e+01  -1.190265e+00  -1.143492e-06  -1.304784e-07 
  3.459718e+01   1.102896e+01  -1.190265e+00  -1.143492e-06  -1.304784e-07 
  3.459718e+01   1.102896e+01  -1.190265e+00  -1.143492e-06  -1.304784e-07 
  3.474718e+01   1.102135e+01   1.240405e+00  -1.144047e-06   1.230884e-07 
  3.524718e+01   9.838532e+00   1.125238e+00  -1.082503e-06   1.230884e-07 
  3.539718e+01   9.616289e+00   3.620144e-01  -1.070187e-06   4.128151e-08 
  3.589718e+01   9.283679e+00   3.032051e-01  -1.049546e-06   4.128151e-08 
  3.604718e+01   9.316520e+00  -5.230969e-01  -1.050211e-06  -5.015224e-08 
  3.604718e+01   9.316520e+00  -5.230969e-01  -1.050211e-06  -5.015224e-08 
  3.604718e+01   9.316520e+00  -5.230969e-01  -1.050211e-06  -5.015224e-08 
  3.604718e+01   9.316520e+00  -5.230969e-01  -1.050211e-06  -5.015224e-08 
  3.604718e+01   9.316520e+00  -5.230969e-01  -1.050211e-06  -5.015224e-08 
  3.637218e+01   9.670972e+00  -5.675266e-01  -1.066510e-06  -5.015224e-08 
  3.642169e+01   9.727510e+00  -5.742956e-01  -1.068994e-06  -5.015224e-08 
  3.946579e+01   1.432791e+01  -9.343205e-01  -1.087221e-06  -4.079725e-08 
  3.951531e+01   1.442075e+01  -9.407932e-01  -1.089241e-06  -4.079725e-08 
  3.962623e+01   1.463107e+01  -9.552927e-01  -1.093766e-06  -4.079725e-08 
  3.967574e+01   1.472599e+01  -9.617654e-01  -1.095787e-06  -4.079725e-08 
  4.271984e+01   2.162823e+01  -1.302383e+00  -1.109929e-06  -3.442838e-08 
  4.276936e+01   2.175751e+01  -1.308555e+00  -1.111634e-06  -3.442838e-08 
  4.276936e+01   2.175751e+01  -1.308555e+00  -1.111634e-06  -3.442838e-08 
  4.326936e+01   2.309723e+01  -1.370886e+00  -1.128848e-06  -3.442838e-08 
  4.331887e+01   2.323329e+01  -1.377059e+00  -1.130553e-06  -3.442838e-08 
  4.636297e+01   3.259275e+01  -1.694280e+00  -1.140945e-06  -2.978110e-08 
  4.641249e+01   3.276083e+01  -1.700160e+00  -1.142419e-06  -2.978110e-08 
  4.652341e+01   3.313945e+01  -1.713332e+00  -1.145723e-06  -2.978110e-08 
  4.657292e+01   3.330942e+01  -1.719213e+00  -1.147197e-06  -2.978110e-08 
  4.961702e+01   4.469003e+01  -2.016359e+00  -1.155792e-06  -2.625299e-08 
  4.966654e+01   4.488998e+01  -2.021972e+00  -1.157091e-06  -2.625299e-08 
  4.966654e+01   4.488998e+01  -2.021972e+00  -1.157091e-06  -2.625299e-08 
  4.966654e+01   4.488998e+01  -2.021972e+00  -1.157091e-06  -2.625299e-08 
  4.999154e+01   4.621624e+01  -2.058811e+00  -1.165624e-06  -2.625299e-08 
  5.014154e+01   4.622928e+01   1.972260e+00  -1.161940e-06   7.532169e-08 
  5.014154e+01   4.622928e+01   1.972260e+00  -1.161940e-06   7.532169e-08 
  5.014154e+01   4.622928e+01   1.972260e+00  -1.161940e-06   7.532169e-08 
  5.014154e+01   4.622928e+01   1.972260e+00  -1.161940e-06   7.532169e-08 
  5.046654e+01   4.495848e+01   1.937884e+00  -1.137460e-06   7.532169e-08 
  5.051605e+01   4.476683e+01   1.932647e+00  -1.133730e-06   7.532169e-08 
  5.356015e+01   3.384749e+01   1.648555e+00  -8.511733e-07   7.212390e-08 
  5.360967e+01   3.368451e+01   1.643116e+00  -8.476021e-07   7.212390e-08 
  5.372059e+01   3.332135e+01   1.630933e+00  -8.396021e-07   7.212390e-08 
  5.377010e+01   3.316011e+01   1.625494e+00  -8.360309e-07   7.212390e-08 
  5.681420e+01   2.420487e+01   1.312732e+00  -5.839408e-07   6.906468e-08 
  5.686372e+01   2.407514e+01   1.307161e+00  -5.805210e-07   6.906468e-08 
  5.686372e+01   2.407514e+01   1.307161e+00  -5.805210e-07   6.906468e-08 
  5.736372e+01   2.279611e+01   1.250907e+00  -5.459887e-07   6.906468e-08 
  5.741323e+01   2.267251e+01   1.245336e+00  -5.425690e-07   6.906468e-08 
  6.045733e+01   1.609140e+01   9.145069e-01  -3.163958e-07   6.617406e-08 
  6.050685e+01   1.600111e+01   9.088563e-01  -3.131192e-07   6.617406e-08 
  6.061777e+01   1.580090e+01   8.961983e-01  -3.057792e-07   6.617406e-08 
  6.066728e+01   1.571243e+01   8.905478e-01  -3.025025e-07   6.617406e-08 
  6.371138e+01   1.132397e+01   5.499327e-01  -9.655477e-08   6.348768e-08 
  6.376090e+01   1.126980e+01   5.442378e-01  -9.341118e-08   6.348768e-08 
  6.376090e+01   1.126980e+01   5.442378e-01  -9.341118e-08   6.348768e-08 
  6.408590e+01   1.092819e+01   5.068579e-01  -7.277768e-08   6.348768e-08 
  6.423590e+01   1.092094e+01  -4.583297e-01  -6.371016e-08   5.754433e-08 
  6.423590e+01   1.092094e+01  -4.583297e-01  -6.371016e-08   5.754433e-08 
  6.423590e+01   1.092094e+01  -4.583297e-01  -6.371016e-08   5.754433e-08 
  6.423590e+01   1.092094e+01  -4.583297e-01  -6.371016e-08   5.754433e-08 
  6.456090e+01   1.123056e+01  -4.943404e-01  -4.500826e-08   5.754433e-08 
  6.461042e+01   1.127979e+01  -4.998268e-01  -4.215895e-08   5.754433e-08 
  6.765452e+01   1.532732e+01  -8.292858e-01   1.277987e-07   5.527238e-08 
  6.770403e+01   1.540972e+01  -8.347380e-01   1.305356e-07   5.527238e-08 
  6.781495e+01   1.559625e+01  -8.469516e-01   1.366664e-07   5.527238e-08 
  6.786446e+01   1.568040e+01  -8.524038e-01   1.394032e-07   5.527238e-08 
  7.090856e+01   2.186315e+01  -1.177942e+00   2.963689e-07   5.317207e-08 
  7.095808e+01   2.198007e+01  -1.183349e+00   2.990018e-07   5.317207e-08 
  7.095808e+01   2.198007e+01  -1.183349e+00   2.990018e-07   5.317207e-08 
  7.145808e+01   2.319072e+01  -1.237951e+00   3.255878e-07   5.317207e-08 
  7.150759e+01   2.331359e+01  -1.243359e+00   3.282206e-07   5.317207e-08 
  7.455169e+01   3.186066e+01  -1.563528e+00   4.732872e-07   5.122109e-08 
  7.460121e+01   3.201576e+01  -1.568881e+00   4.758234e-07   5.122109e-08 
  7.471213e+01   3.236513e+01  -1.580873e+00   4.815048e-07   5.122109e-08 
  7.476164e+01   3.252195e+01  -1.586227e+00   4.840410e-07   5.122109e-08 
  7.780574e+01   4.313954e+01  -1.900768e+00   6.194204e-07   4.941418e-08 
  7.785526e+01   4.332803e+01  -1.906063e+00   6.218671e-07   4.941418e-08 
  7.785526e+01   4.332803e+01  -1.906063e+00   6.218671e-07   4.941418e-08 
  7.818026e+01   4.457827e+01  -1.940815e+00   6.379267e-07   4.941418e-08 
  7.833026e+01   4.457740e+01   1.946574e+00   6.411559e-07  -6.404894e-09 
  7.833026e+01   4.457740e+01   1.946574e+00   6.411559e-07  -6.404894e-09 
  7.833026e+01   4.457740e+01   1.946574e+00   6.411559e-07  -6.404894e-09 
  7.833026e+01   4.457740e+01   1.946574e+00   6.411559e-07  -6.404894e-09 
  7.865526e+01   4.332347e+01   1.911658e+00   6.390743e-07  -6.404894e-09 
  7.870477e+01   4.313443e+01   1.906338e+00   6.387572e-07  -6.404894e-09 
  8.174887e+01   3.249045e+01   1.588958e+00   6.005295e-07  -6.397506e-09 
  8.179839e+01   3.233336e+01   1.583587e+00   6.002127e-07  -6.397506e-09 
  8.190931e+01   3.198340e+01   1.571553e+00   5.995031e-07  -6.397506e-09 
  8.195882e+01   3.182803e+01   1.566182e+00   5.991863e-07  -6.397506e-09 
  8.500292e+01   2.327671e+01   1.242064e+00   5.631774e-07  -6.370735e-09 
  8.505244e+01   2.315397e+01   1.236655e+00   5.628620e-07  -6.370735e-09 
  8.505244e+01   2.315397e+01   1.236655e+00   5.628620e-07  -6.370735e-09 
  8.555244e+01   2.194463e+01   1.182036e+00   5.596766e-07  -6.370735e-09 
  8.560195e+01   2.182784e+01   1.176627e+00   5.593612e-07  -6.370735e-09 
  8.864605e+01   1.566368e+01   8.477552e-01   5.253983e-07  -6.329127e-09 
  8.869557e+01   1.557999e+01   8.423222e-01   5.250849e-07  -6.329127e-09 
  8.880649e+01   1.539448e+01   8.301515e-01   5.243829e-07  -6.329127e-09 
  8.885600e+01   1.531254e+01   8.247185e-01   5.240695e-07  -6.329127e-09 
  9.190010e+01   1.130005e+01   4.930639e-01   4.918795e-07  -6.277141e-09 
  9.194962e+01   1.125150e+01   4.876168e-01   4.915687e-07  -6.277141e-09 
  9.194962e+01   1.125150e+01   4.876168e-01   4.915687e-07  -6.277141e-09 
  9.227462e+01   1.094616e+01   4.518637e-01   4.895286e-07  -6.277141e-09 
  9.242462e+01   1.095568e+01  -5.155920e-01   4.917894e-07   3.645426e-08 
  9.242462e+01   1.095568e+01  -5.155920e-01   4.917894e-07   3.645426e-08 
  9.242462e+01   1.095568e+01  -5.155920e-01   4.917894e-07   3.645426e-08 
  9.242462e+01   1.095568e+01  -5.155920e-01   4.917894e-07   3.645426e-08 
  9.274962e+01   1.130302e+01  -5.531430e-01   5.036370e-07   3.645426e-08 
  9.279913e+01   1.135808e+01  -5.588640e-01   5.054421e-07   3.645426e-08 
  9.584323e+01   1.582281e+01  -9.075726e-01   6.014270e-07   3.547101e-08 
  9.589275e+01   1.591297e+01  -9.132796e-01   6.031834e-07   3.547101e-08 
  9.600367e+01   1.611699e+01  -9.260638e-01   6.071178e-07   3.547101e-08 
  9.605318e+01   1.620898e+01  -9.317708e-01   6.088741e-07   3.547101e-08 
  9.909728e+01   2.293870e+01  -1.278626e+00   7.002286e-07   3.454248e-08 
  9.914680e+01   2.306560e+01  -1.284314e+00   7.019390e-07   3.454248e-08 
  9.914680e+01   2.306560e+01  -1.284314e+00   7.019390e-07   3.454248e-08 
  9.939680e+01   2.371494e+01  -1.313030e+00   7.105746e-07   3.454248e-08 
  9.939680e+01   2.371494e+01  -1.313030e+00   7.105746e-07   3.454248e-08 
  9.964680e+01   2.437863e+01  -1.341747e+00   7.192102e-07   3.454248e-08 
  9.969631e+01   2.451179e+01  -1.347434e+00   7.209206e-07   3.454248e-08 
  1.027404e+02   3.376451e+01  -1.691696e+00   8.077619e-07   3.366237e-08 
  1.027899e+02   3.393232e+01  -1.697360e+00   8.094286e-07   3.366237e-08 
  1.029008e+02   3.431027e+01  -1.710046e+00   8.131625e-07   3.366237e-08 
  1.029504e+02   3.447990e+01  -1.715710e+00   8.148293e-07   3.366237e-08 
  1.059945e+02   4.596623e+01  -2.057118e+00   8.978303e-07   3.282924e-08 
  1.060440e+02   4.617023e+01  -2.062753e+00   8.994558e-07   3.282924e-08 
  1.060440e+02   4.617023e+01  -2.062753e+00   8.994558e-07   3.282924e-08 
  1.063690e+02   4.752304e+01  -2.099744e+00   9.101253e-07   3.282924e-08 
  1.065190e+02   4.753125e+01   2.045266e+00   9.090943e-07  -4.656137e-08 
  1.065190e+02   4.753125e+01   2.045266e+00   9.090943e-07  -4.656137e-08 
  1.065190e+02   4.753125e+01   2.045266e+00   9.090943e-07  -4.656137e-08 
  1.065190e+02   4.753125e+01   2.045266e+00   9.090943e-07  -4.656137e-08 
  1.068440e+02   4.621334e+01   2.009826e+00   8.939619e-07  -4.656137e-08 
  1.068935e+02   4.601458e+01   2.004427e+00   8.916564e-07  -4.656137e-08 
  1.099376e+02   3.480562e+01   1.677180e+00   7.346183e-07  -4.573203e-08 
  1.099871e+02   3.463979e+01   1.671756e+00   7.323539e-07  -4.573203e-08 
  1.100980e+02   3.427028e+01   1.659605e+00   7.272813e-07  -4.573203e-08 
  1.101475e+02   3.410620e+01   1.654180e+00   7.250168e-07  -4.573203e-08 
  1.131916e+02   2.503958e+01   1.323812e+00   5.743168e-07  -4.492641e-08 
  1.132412e+02   2.490876e+01   1.318369e+00   5.720923e-07  -4.492641e-08 
  1.132412e+02   2.490876e+01   1.318369e+00   5.720923e-07  -4.492641e-08 
  1.137412e+02   2.361787e+01   1.263406e+00   5.496291e-07  -4.492641e-08 
  1.137907e+02   2.349302e+01   1.257963e+00   5.474045e-07  -4.492641e-08 
  1.168348e+02   1.684618e+01   9.252651e-01   4.028909e-07  -4.414279e-08 
  1.168843e+02   1.675482e+01   9.198095e-01   4.007052e-07  -4.414279e-08 
  1.169952e+02   1.655213e+01   9.075883e-01   3.958089e-07  -4.414279e-08 
  1.170447e+02   1.646252e+01   9.021327e-01   3.936231e-07  -4.414279e-08 
  1.200888e+02   1.198676e+01   5.679941e-01   2.545262e-07  -4.338334e-08 
  1.201383e+02   1.193078e+01   5.625306e-01   2.523781e-07  -4.338334e-08 
  1.201383e+02   1.193078e+01   5.625306e-01   2.523781e-07  -4.338334e-08 
  1.204633e+02   1.157679e+01   5.266702e-01   2.382785e-07  -4.338334e-08 
  1.206133e+02   1.157196e+01  -4.943318e-01   2.333166e-07  -2.284777e-08 
  1.206133e+02   1.157196e+01  -4.943318e-01   2.333166e-07  -2.284777e-08 
  1.206133e+02   1.157196e+01  -4.943318e-01   2.333166e-07  -2.284777e-08 
  1.206133e+02   1.157196e+01  -4.943318e-01   2.333166e-07  -2.284777e-08 
  1.209383e+02   1.190463e+01  -5.292800e-01   2.258910e-07  -2.284777e-08 
  1.209879e+02   1.195731e+01  -5.346045e-01   2.247597e-07  -2.284777e-08 
  1.240320e+02   1.620406e+01  -8.603445e-01   1.524824e-07  -2.246982e-08 
  1.240815e+02   1.628952e+01  -8.656620e-01   1.513698e-07  -2.246982e-08 
  1.241924e+02   1.648288e+01  -8.775739e-01   1.488774e-07  -2.246982e-08 
  1.242419e+02   1.657005e+01  -8.828915e-01   1.477648e-07  -2.246982e-08 
  1.272860e+02   2.293450e+01  -1.207677e+00   7.801449e-08  -2.210322e-08 
  1.273355e+02   2.305436e+01  -1.212985e+00   7.692005e-08  -2.210322e-08 
  1.273355e+02   2.305436e+01  -1.212985e+00   7.692005e-08  -2.210322e-08 
  1.278355e+02   2.429414e+01  -1.266583e+00   6.586844e-08  -2.210322e-08 
  1.278850e+02   2.441983e+01  -1.271891e+00   6.477400e-08  -2.210322e-08 
  1.309291e+02   3.314859e+01  -1.595316e+00  -2.475315e-09  -2.174700e-08 
  1.309786e+02   3.330684e+01  -1.600611e+00  -3.552117e-09  -2.174700e-08 
  1.310896e+02   3.366323e+01  -1.612473e+00  -5.964294e-09  -2.174700e-08 
  1.311391e+02   3.382318e+01  -1.617769e+00  -7.041097e-09  -2.174700e-08 
  1.341832e+02   4.465314e+01  -1.939656e+00  -7.208554e-08  -2.140171e-08 
  1.342327e+02   4.484548e+01  -1.944937e+00  -7.314525e-08  -2.140171e-08 
  1.342327e+02   4.484548e+01  -1.944937e+00  -7.314525e-08  -2.140171e-08 
  1.345577e+02   4.612096e+01  -1.979598e+00  -8.010080e-08  -2.140171e-08 
  1.347077e+02   4.611153e+01   2.042172e+00  -8.278087e-08  -1.429357e-08 
  1.347077e+02   4.611153e+01   2.042172e+00  -8.278087e-08  -1.429357e-08 
  1.347077e+02   4.611153e+01   2.042172e+00  -8.278087e-08  -1.429357e-08 
  1.347077e+02   4.611153e+01   2.042172e+00  -8.278087e-08  -1.429357e-08 
  1.350327e+02   4.479596e+01   2.005730e+00  -8.742628e-08  -1.429357e-08 
  1.350822e+02   4.459761e+01   2.000178e+00  -8.813403e-08  -1.429357e-08 
  1.381263e+02   3.345039e+01   1.661412e+00  -1.296256e-07  -1.406723e-08 
  1.381758e+02   3.328614e+01   1.655846e+00  -1.303221e-07  -1.406723e-08 
  1.382867e+02   3.292019e+01   1.643377e+00  -1.318825e-07  -1.406723e-08 
  1.383363e+02   3.275772e+01   1.637811e+00  -1.325790e-07  -1.406723e-08 
  1.413804e+02   2.382215e+01   1.297325e+00  -1.727893e-07  -1.384801e-08 
  1.414299e+02   2.369395e+01   1.291748e+00  -1.734750e-07  -1.384801e-08 
  1.414299e+02   2.369395e+01   1.291748e+00  -1.734750e-07  -1.384801e-08 
  1.419299e+02   2.243036e+01   1.235434e+00  -1.803990e-07  -1.384801e-08 
  1.419794e+02   2.230829e+01   1.229857e+00  -1.810847e-07  -1.384801e-08 
  1.450235e+02   1.586061e+01   8.880728e-01  -2.200106e-07  -1.363527e-08 
  1.450730e+02   1.577294e+01   8.824888e-01  -2.206857e-07  -1.363527e-08 
  1.451839e+02   1.557856e+01   8.699798e-01  -2.221982e-07  -1.363527e-08 
  1.452334e+02   1.549268e+01   8.643958e-01  -2.228733e-07  -1.363527e-08 
  1.482775e+02   1.127263e+01   5.218089e-01  -2.606636e-07  -1.342917e-08 
  1.483271e+02   1.122123e+01   5.162204e-01  -2.613285e-07  -1.342917e-08 
  1.483271e+02   1.122123e+01   5.162204e-01  -2.613285e-07  -1.342917e-08 
  1.486521e+02   1.089761e+01   4.795393e-01  -2.656930e-07  -1.342917e-08 
  1.488021e+02   1.089818e+01  -4.833514e-01  -2.694510e-07  -3.673197e-08 
  1.488021e+02   1.089818e+01  -4.833514e-01  -2.694510e-07  -3.673197e-08 
  1.488021e+02   1.089818e+01  -4.833514e-01  -2.694510e-07  -3.673197e-08 
  1.488021e+02   1.089818e+01  -4.833514e-01  -2.694510e-07  -3.673197e-08 
  1.488021e+02   1.089818e+01  -4.833514e-01  -2.694510e-07  -3.673197e-08 
  1.491271e+02   1.122432e+01  -5.201401e-01  -2.813889e-07  -3.673197e-08 
  1.491766e+02   1.127610e+01  -5.257449e-01  -2.832077e-07  -3.673197e-08 
  1.522207e+02   1.552328e+01  -8.693911e-01  -3.896249e-07  -3.621220e-08 
  1.522702e+02   1.560965e+01  -8.749918e-01  -3.914179e-07  -3.621220e-08 
  1.523811e+02   1.580515e+01  -8.875379e-01  -3.954346e-07  -3.621220e-08 
  1.524306e+02   1.589332e+01  -8.931386e-01  -3.972276e-07  -3.621220e-08 
  1.554747e+02   2.237552e+01  -1.236174e+00  -5.007086e-07  -3.570708e-08 
  1.555242e+02   2.249821e+01  -1.241768e+00  -5.024766e-07  -3.570708e-08 
  1.555242e+02   2.249821e+01  -1.241768e+00  -5.024766e-07  -3.570708e-08 
  1.560242e+02   2.376823e+01  -1.298261e+00  -5.203301e-07  -3.570708e-08 
  1.560738e+02   2.389707e+01  -1.303856e+00  -5.220982e-07  -3.570708e-08 
  1.591179e+02   3.288220e+01  -1.647797e+00  -6.307941e-07  -3.570708e-08 
  1.591674e+02   3.304566e+01  -1.653392e+00  -6.325621e-07  -3.570708e-08 
  1.592783e+02   3.341383e+01  -1.665924e+00  -6.365228e-07  -3.570708e-08 
  1.593278e+02   3.357909e+01  -1.671519e+00  -6.382908e-07  -3.570708e-08 
  1.623719e+02   4.480262e+01  -2.015460e+00  -7.469867e-07  -3.570708e-08 
  1.624214e+02   4.500249e+01  -2.021055e+00  -7.487548e-07  -3.570708e-08 
  1.624214e+02   4.500249e+01  -2.021055e+00  -7.487548e-07  -3.570708e-08 
  1.627464e+02   4.632811e+01  -2.057775e+00  -7.603596e-07  -3.570708e-08 
  1.627464e+02   4.632811e+01  -2.057775e+00  -7.603596e-07  -3.570708e-08 
  1.637464e+02   5.055664e+01  -2.170761e+00  -7.960666e-07  -3.570708e-08 
  1.637464e+02   5.055664e+01  -2.170761e+00  -7.960666e-07  -3.570708e-08 
  1.638964e+02   5.273407e+01  -1.248828e+01  -8.132554e-07  -1.940414e-07 
  1.638964e+02   5.273407e+01  -1.248828e+01  -8.132554e-07  -1.940414e-07 
  1.638964e+02   5.273407e+01  -1.248828e+01  -8.132554e-07  -1.940414e-07 
  1.638964e+02   5.273407e+01  -1.248828e+01  -8.132554e-07  -1.940414e-07 
  1.651464e+02   8.860539e+01  -1.620877e+01  -1.055807e-06  -1.940414e-07 
  1.652964e+02   9.066638e+01   2.613636e+00  -1.068149e-06   2.992102e-08 
  1.658464e+02   8.781751e+01   2.566131e+00  -1.051692e-06   2.992102e-08 
  1.658464e+02   8.781751e+01   2.566131e+00  -1.051692e-06   2.992102e-08 
  1.713464e+02   6.220284e+01   2.091082e+00  -8.871265e-07   2.992102e-08 
  1.713464e+02   6.220284e+01   2.091082e+00  -8.871265e-07   2.992102e-08 
  1.768464e+02   4.181371e+01   1.616032e+00  -7.225609e-07   2.992102e-08 
  1.768464e+02   4.181371e+01   1.616032e+00  -7.225609e-07   2.992102e-08 
  1.773464e+02   4.021927e+01   1.572846e+00  -7.076004e-07   2.992102e-08 
  1.774964e+02   4.096442e+01  -6.590294e+00  -7.137812e-07  -1.125388e-07 
  1.787964e+02   5.993223e+01  -8.000336e+00  -8.600817e-07  -1.125388e-07 
  1.789464e+02   6.114050e+01  -1.317299e-03  -8.683658e-07   2.267032e-09 
  1.789464e+02   6.114050e+01  -1.317299e-03  -8.683658e-07   2.267032e-09 
  1.789464e+02   6.114050e+01  -1.317299e-03  -8.683658e-07   2.267032e-09 
  1.789464e+02   6.114050e+01  -1.317299e-03  -8.683658e-07   2.267032e-09 
  1.805214e+02   6.118523e+01  -2.707768e-02  -8.647952e-07   2.267032e-09 
  1.805214e+02   6.118523e+01  -2.707768e-02  -8.647952e-07   2.267032e-09 
  1.807214e+02   6.119671e+01  -3.034884e-02  -8.643418e-07   2.267032e-09 
  1.807214e+02   6.119671e+01  -3.034884e-02  -8.643418e-07   2.267032e-09 
  1.809214e+02   6.120951e+01  -3.362000e-02  -8.638884e-07   2.267032e-09 
  1.809214e+02   6.120951e+01  -3.362000e-02  -8.638884e-07   2.267032e-09 
  1.812214e+02   4.936918e+01   3.672975e+01  -7.750421e-07   5.797524e-07 
  1.815214e+02   2.979251e+01   2.852580e+01  -6.011164e-07   5.797524e-07 
  1.818214e+02   1.880385e+01   1.024853e+01  -4.762239e-07   2.651633e-07 
  1.818214e+02   1.880385e+01   1.024853e+01  -4.762239e-07   2.651633e-07 
  1.818214e+02   1.880385e+01   1.024853e+01  -4.762239e-07   2.651633e-07 
  1.818214e+02   1.880385e+01   1.024853e+01  -4.762239e-07   2.651633e-07 
  1.822714e+02   1.072204e+01   7.711041e+00  -3.569005e-07   2.651633e-07 
  1.842714e+02   2.317398e+00  -3.473830e+00   2.216249e-01   2.234650e-01 
  1.863994e+02   4.263696e+01  -1.547333e+01   6.971584e-01   2.234650e-01 
  1.866994e+02   5.242846e+01  -1.716499e+01   7.641979e-01   2.234650e-01 
  1.869994e+02   4.926097e+01   2.681037e+01   7.330586e-01  -4.266313e-01 
  1.871994e+02   3.912129e+01   2.388799e+01   6.477323e-01  -4.266313e-01 
  1.871994e+02   3.912129e+01   2.388799e+01   6.477323e-01  -4.266313e-01 
  1.874664e+02   2.740678e+01   1.998662e+01   5.338218e-01  -4.266313e-01 
  1.877664e+02   2.088121e+01   3.156045e+00   4.543497e-01  -1.117325e-01 
  1.877664e+02   2.088121e+01   3.156045e+00   4.543497e-01  -1.117325e-01 
  1.877664e+02   2.088121e+01   3.156045e+00   4.543497e-01  -1.117325e-01 
  1.877664e+02   2.088121e+01   3.156045e+00   4.543497e-01  -1.117325e-01 
  1.927164e+02   2.497814e+00   5.577732e-01  -9.872633e-02  -1.117325e-01 
  1.947164e+02   2.350272e+00  -4.833896e-01  -9.872669e-02   1.117322e-01 
  1.996664e+02   1.999727e+01  -3.081661e+00   4.543476e-01   1.117322e-01 
  1.999664e+02   2.628904e+01  -1.923187e+01   5.338193e-01   4.266294e-01 
  1.999664e+02   2.628904e+01  -1.923187e+01   5.338193e-01   4.266294e-01 
  1.999664e+02   2.628904e+01  -1.923187e+01   5.338193e-01   4.266294e-01 
  1.999664e+02   2.628904e+01  -1.923187e+01   5.338193e-01   4.266294e-01 
  2.002334e+02   3.756455e+01  -2.299849e+01   6.477293e-01   4.266294e-01 
  2.002334e+02   3.756455e+01  -2.299849e+01   6.477293e-01   4.266294e-01 
  2.004334e+02   4.732823e+01  -2.581993e+01   7.330552e-01   4.266294e-01 
  2.007334e+02   5.040803e+01   1.644158e+01   7.641945e-01  -2.234639e-01 
  2.010334e+02   4.102751e+01   1.482681e+01   6.971553e-01  -2.234639e-01 
  2.010334e+02   4.102751e+01   1.482681e+01   6.971553e-01  -2.234639e-01 
  2.031614e+02   2.299049e+00   3.372660e+00   2.216242e-01  -2.234639e-01 
  2.051614e+02   1.009675e+01  -7.303879e+00   1.082819e-06   8.435802e-07 
  2.056114e+02   1.776021e+01  -9.726043e+00   1.462430e-06   8.435802e-07 
  2.059114e+02   2.817561e+01  -2.702547e+01   1.855012e-06   1.812291e-06 
  2.059114e+02   2.817561e+01  -2.702547e+01   1.855012e-06   1.812291e-06 
  2.059114e+02   2.817561e+01  -2.702547e+01   1.855012e-06   1.812291e-06 
  2.059114e+02   2.817561e+01  -2.702547e+01   1.855012e-06   1.812291e-06 
  2.062114e+02   4.672709e+01  -3.481280e+01   2.398699e-06   1.812291e-06 
  2.065114e+02   5.796538e+01  -1.746332e-02   2.678887e-06   2.317824e-08 
  2.065114e+02   5.796538e+01  -1.746332e-02   2.678887e-06   2.317824e-08 
  2.069864e+02   5.798586e+01  -2.566036e-02   2.689896e-06   2.317824e-08 
  2.071364e+02   5.676788e+01   8.087791e+00   2.664774e-06  -3.575533e-07 
  2.081864e+02   4.107333e+01   6.859403e+00   2.289343e-06  -3.575533e-07 
  2.083364e+02   4.016691e+01  -7.602196e-01   2.267659e-06   6.776323e-08 
  2.083364e+02   4.016691e+01  -7.602196e-01   2.267659e-06   6.776323e-08 
  2.083364e+02   4.016691e+01  -7.602196e-01   2.267659e-06   6.776323e-08 
  2.083364e+02   4.016691e+01  -7.602196e-01   2.267659e-06   6.776323e-08 
  2.093864e+02   4.180669e+01  -8.014682e-01   2.338810e-06   6.776323e-08 
  2.095364e+02   4.188071e+01   3.086063e-01   2.344302e-06   5.431227e-09 
  2.100864e+02   4.154916e+01   2.942231e-01   2.347289e-06   5.431227e-09 
  2.146224e+02   3.941804e+01   1.756005e-01   2.371925e-06   5.431227e-09 
  2.146224e+02   3.941804e+01   1.756005e-01   2.371925e-06   5.431227e-09 
  2.148224e+02   3.934884e+01   1.703702e-01   2.373011e-06   5.431227e-09 
  2.149724e+02   3.961530e+01  -1.951517e+00   2.383374e-06   1.328331e-07 
  2.158224e+02   4.302058e+01  -2.054688e+00   2.496282e-06   1.328331e-07 
  2.158974e+02   4.316931e+01   7.397609e-02   2.501610e-06   9.198147e-09 
  2.158974e+02   4.316931e+01   7.397609e-02   2.501610e-06   9.198147e-09 
  2.158974e+02   4.316931e+01   7.397609e-02   2.501610e-06   9.198147e-09 
  2.158974e+02   4.316931e+01   7.397609e-02   2.501610e-06   9.198147e-09 
  2.158974e+02   4.316931e+01   7.397609e-02   2.501610e-06   9.198147e-09 
  2.159724e+02   4.299844e+01   2.201544e+00   2.497661e-06  -1.144709e-07 
  2.280224e+02   9.685421e+00   5.630220e-01   1.118287e-06  -1.144709e-07 
  2.281724e+02   9.662337e+00  -4.083644e-01   1.109380e-06  -4.427580e-09 
  2.281724e+02   9.662337e+00  -4.083644e-01   1.109380e-06  -4.427580e-09 
  2.281724e+02   9.662337e+00  -4.083644e-01   1.109380e-06  -4.427580e-09 
  2.281724e+02   9.662337e+00  -4.083644e-01   1.109380e-06  -4.427580e-09 
  2.402224e+02   3.703764e+01  -1.863445e+00   1.056028e-06  -4.427580e-09 
  2.403724e+02   3.704701e+01   1.801242e+00   1.047540e-06  -1.085979e-07 
  2.403724e+02   3.704701e+01   1.801242e+00   1.047540e-06  -1.085979e-07 
  2.403724e+02   3.704701e+01   1.801242e+00   1.047540e-06  -1.085979e-07 
  2.403724e+02   3.704701e+01   1.801242e+00   1.047540e-06  -1.085979e-07 
  2.524224e+02   1.027291e+01   4.206746e-01  -2.610648e-07  -1.085979e-07 
  2.525724e+02   1.030123e+01  -6.104048e-01  -2.793340e-07  -1.352928e-07 
  2.525724e+02   1.030123e+01  -6.104048e-01  -2.793340e-07  -1.352928e-07 
  2.525724e+02   1.030123e+01  -6.104048e-01  -2.793340e-07  -1.352928e-07 
  2.525724e+02   1.030123e+01  -6.104048e-01  -2.793340e-07  -1.352928e-07 
  2.646224e+02   4.435958e+01  -2.216014e+00  -1.909613e-06  -1.352928e-07 
  2.647724e+02   4.436586e+01   2.174366e+00  -1.915707e-06   5.414001e-08 
  2.647724e+02   4.436586e+01   2.174366e+00  -1.915707e-06   5.414001e-08 
  2.647724e+02   4.436586e+01   2.174366e+00  -1.915707e-06   5.414001e-08 
  2.647724e+02   4.436586e+01   2.174366e+00  -1.915707e-06   5.414001e-08 
  2.768224e+02   1.071006e+01   6.186473e-01  -1.263319e-06   5.414001e-08 
  2.769724e+02   1.068524e+01  -4.524007e-01  -1.264562e-06  -7.073351e-08 
  2.769724e+02   1.068524e+01  -4.524007e-01  -1.264562e-06  -7.073351e-08 
  2.769724e+02   1.068524e+01  -4.524007e-01  -1.264562e-06  -7.073351e-08 
  2.769724e+02   1.068524e+01  -4.524007e-01  -1.264562e-06  -7.073351e-08 
  2.890224e+02   3.795839e+01  -1.810932e+00  -2.116901e-06  -7.073351e-08 
  2.891724e+02   3.793840e+01   1.943577e+00  -2.111799e-06   1.386751e-07 
  2.891724e+02   3.793840e+01   1.943577e+00  -2.111799e-06   1.386751e-07 
  2.891724e+02   3.793840e+01   1.943577e+00  -2.111799e-06   1.386751e-07 
  2.891724e+02   3.793840e+01   1.943577e+00  -2.111799e-06   1.386751e-07 
  2.919350e+02   2.816103e+01   1.595698e+00  -1.728705e-06   1.386751e-07 
  2.922100e+02   2.729292e+01   1.561068e+00  -1.690569e-06   1.386751e-07 
  2.925100e+02   2.280098e+01   1.270563e+01  -1.532792e-06   9.008559e-07 
  2.928100e+02   1.581876e+01   1.056845e+01  -1.262535e-06   9.008559e-07 
  2.931100e+02   1.302017e+01  -5.477522e-01  -1.127288e-06   1.769616e-08 
  2.931100e+02   1.302017e+01  -5.477522e-01  -1.127288e-06   1.769616e-08 
  2.931100e+02   1.302017e+01  -5.477522e-01  -1.127288e-06   1.769616e-08 
  2.931100e+02   1.302017e+01  -5.477522e-01  -1.127288e-06   1.769616e-08 
  2.948850e+02   1.527927e+01  -7.249817e-01  -1.095878e-06   1.769616e-08 
  2.950350e+02   1.551831e+01  -8.693102e-01  -1.093908e-06   8.566489e-09 
  2.950350e+02   1.551831e+01  -8.693102e-01  -1.093908e-06   8.566489e-09 
  2.950350e+02   1.551831e+01  -8.693102e-01  -1.093908e-06   8.566489e-09 
  2.950350e+02   1.551831e+01  -8.693102e-01  -1.093908e-06   8.566489e-09 
  2.956600e+02   1.664914e+01  -9.400211e-01  -1.088554e-06   8.566489e-09 
  2.956600e+02   1.664914e+01  -9.400211e-01  -1.088554e-06   8.566489e-09 
  2.958600e+02   1.702968e+01  -9.626485e-01  -1.086841e-06   8.566489e-09 
  2.958600e+02   1.702968e+01  -9.626485e-01  -1.086841e-06   8.566489e-09 
  2.960600e+02   1.741926e+01  -9.852760e-01  -1.085127e-06   8.566489e-09 
  2.963600e+02   1.431012e+01   1.056201e+01  -9.631578e-07   7.893013e-07 
  2.966600e+02   8.680804e+00   8.202364e+00  -7.263674e-07   7.893013e-07 
  2.969600e+02   6.430974e+00   5.262699e-02  -5.921330e-07   1.284764e-07 
  2.969600e+02   6.430974e+00   5.262699e-02  -5.921330e-07   1.284764e-07 
  2.969600e+02   6.430974e+00   5.262699e-02  -5.921330e-07   1.284764e-07 
  2.969600e+02   6.430974e+00   5.262699e-02  -5.921330e-07   1.284764e-07 
  2.972600e+02   6.413431e+00   5.848563e-03  -5.535901e-07   1.284764e-07 
  2.972600e+02   6.413431e+00   5.848563e-03  -5.535901e-07   1.284764e-07 
  2.987600e+02   6.550142e+00  -2.304478e-01  -1.305681e-01  -1.763269e-01 
  3.007850e+02   8.142738e+00  -5.560194e-01  -4.876300e-01  -1.763269e-01 
  3.009350e+02   8.105438e+00   8.025748e-01  -5.077934e-01  -9.195031e-02 
  3.009350e+02   8.105438e+00   8.025748e-01  -5.077934e-01  -9.195031e-02 
  3.009350e+02   8.105438e+00   8.025748e-01  -5.077934e-01  -9.195031e-02 
  3.009350e+02   8.105438e+00   8.025748e-01  -5.077934e-01  -9.195031e-02 
  3.013600e+02   7.459888e+00   7.163668e-01  -5.468723e-01  -9.195031e-02 
  3.040871e+02   4.077041e+00   4.055571e-01  -7.453735e-01  -4.667117e-02 
  3.048871e+02   3.610945e+00   1.770626e-01  -7.827105e-01  -4.667117e-02 
  3.051871e+02   4.563584e+00  -3.629679e+00  -9.039568e-01  -7.795070e-01 
  3.051871e+02   4.563584e+00  -3.629679e+00  -9.039568e-01  -7.795070e-01 
  3.051871e+02   4.563584e+00  -3.629679e+00  -9.039568e-01  -7.795070e-01 
  3.051871e+02   4.563584e+00  -3.629679e+00  -9.039568e-01  -7.795070e-01 
  3.065871e+02   2.081448e+01  -7.978102e+00  -1.995267e+00  -7.795070e-01 
  3.068871e+02   1.930567e+01   1.249396e+01  -1.925596e+00   1.232303e+00 
  3.073871e+02   8.846068e+00   8.425232e+00  -1.309445e+00   1.232303e+00 
  3.076871e+02   6.536868e+00   5.441646e-02  -1.129351e+00  -7.042433e-04 
  3.076871e+02   6.536868e+00   5.441646e-02  -1.129351e+00  -7.042433e-04 
  3.076871e+02   6.536868e+00   5.441646e-02  -1.129351e+00  -7.042433e-04 
  3.076871e+02   6.536868e+00   5.441646e-02  -1.129351e+00  -7.042433e-04 
  3.082620e+02   6.525015e+00  -3.380218e-02  -1.129756e+00  -7.042433e-04 
  3.082620e+02   6.525015e+00  -3.380218e-02  -1.129756e+00  -7.042433e-04 
  3.088370e+02   6.614609e+00  -1.220208e-01  -1.130161e+00  -7.042433e-04 
  3.091370e+02   9.000132e+00  -8.637896e+00  -1.310828e+00  -1.234821e+00 
  3.091370e+02   9.000132e+00  -8.637896e+00  -1.310828e+00  -1.234821e+00 
  3.091370e+02   9.000132e+00  -8.637896e+00  -1.310828e+00  -1.234821e+00 
  3.091370e+02   9.000132e+00  -8.637896e+00  -1.310828e+00  -1.234821e+00 
  3.096370e+02   1.973837e+01  -1.283857e+01  -1.928239e+00  -1.234821e+00 
  3.099370e+02   2.131907e+01   8.107531e+00  -1.998241e+00   7.798714e-01 
  3.113370e+02   4.753094e+00   3.725310e+00  -9.064207e-01   7.798714e-01 
  3.116370e+02   3.789843e+00  -2.342317e-01  -7.853958e-01   4.479829e-02 
  3.116370e+02   3.789843e+00  -2.342317e-01  -7.853958e-01   4.479829e-02 
  3.116370e+02   3.789843e+00  -2.342317e-01  -7.853958e-01   4.479829e-02 
  3.116370e+02   3.789843e+00  -2.342317e-01  -7.853958e-01   4.479829e-02 
  3.124370e+02   4.342751e+00  -4.569036e-01  -7.495571e-01   4.479829e-02 
  3.151641e+02   7.876410e+00  -7.150370e-01  -5.557636e-01   9.053557e-02 
  3.155891e+02   8.518848e+00  -7.965834e-01  -5.172860e-01   9.053557e-02 
  3.157391e+02   8.543734e+00   6.320864e-01  -4.972137e-01   1.765291e-01 
  3.157391e+02   8.543734e+00   6.320864e-01  -4.972137e-01   1.765291e-01 
  3.157391e+02   8.543734e+00   6.320864e-01  -4.972137e-01   1.765291e-01 
  3.157391e+02   8.543734e+00   6.320864e-01  -4.972137e-01   1.765291e-01 
  3.162391e+02   7.952599e+00   5.501824e-01  -4.089492e-01   1.765291e-01 
  3.162391e+02   7.952599e+00   5.501824e-01  -4.089492e-01   1.765291e-01 
  3.174641e+02   6.850467e+00   3.495174e-01  -1.927010e-01   1.765291e-01 
  3.174641e+02   6.850467e+00   3.495174e-01  -1.927010e-01   1.765291e-01 
  3.174641e+02   6.850467e+00   3.495174e-01  -1.927010e-01   1.765291e-01 
  3.177641e+02   6.655500e+00   3.003749e-01  -1.397423e-01   1.765291e-01 
  3.178641e+02   6.597063e+00   2.839941e-01  -1.220894e-01   1.765291e-01 
  3.185221e+02   6.443668e+00   1.775756e-01  -3.618471e-02   8.768848e-02 
  3.186061e+02   6.414965e+00   1.641284e-01  -2.881888e-02   8.768848e-02 
  3.192641e+02   6.316659e+00   5.932665e-02   4.402615e-06   1.990553e-04 
  3.192641e+02   6.316659e+00   5.932665e-02   4.402615e-06   1.990553e-04 
