0.000000e+00 1.001000e+00 1.610000e-01
0.000000e+00 1.001000e+00 1.610000e-01
0.000000e+00 1.001000e+00 1.610000e-01
3.571429e-01 8.440000e-01 1.470000e-01
3.571429e-01 8.440000e-01 1.470000e-01
3.571429e-01 8.440000e-01 1.470000e-01
7.142857e-01 6.890000e-01 1.420000e-01
7.142857e-01 6.890000e-01 1.420000e-01
7.142857e-01 6.890000e-01 1.420000e-01
1.071429e+00 5.330000e-01 1.430000e-01
1.071429e+00 5.330000e-01 1.430000e-01
1.071429e+00 5.330000e-01 1.430000e-01
1.428571e+00 3.790000e-01 1.510000e-01
1.428571e+00 3.790000e-01 1.510000e-01
1.428571e+00 3.790000e-01 1.510000e-01
1.785714e+00 2.260000e-01 1.650000e-01
1.785714e+00 2.260000e-01 1.650000e-01
1.785714e+00 2.260000e-01 1.650000e-01
2.142857e+00 7.600000e-02 1.840000e-01
2.142857e+00 7.600000e-02 1.840000e-01
2.142857e+00 7.600000e-02 1.840000e-01
2.500000e+00 8.700000e-02 2.070000e-01
2.500000e+00 8.700000e-02 2.070000e-01
2.500000e+00 8.700000e-02 2.070000e-01
2.857143e+00 2.370000e-01 2.320000e-01
2.857143e+00 2.370000e-01 2.320000e-01
2.857143e+00 2.370000e-01 2.320000e-01
3.214286e+00 3.890000e-01 2.610000e-01
3.214286e+00 3.890000e-01 2.610000e-01
3.214286e+00 3.890000e-01 2.610000e-01
3.571429e+00 5.410000e-01 2.910000e-01
3.571429e+00 5.410000e-01 2.910000e-01
3.571429e+00 5.410000e-01 2.910000e-01
3.928571e+00 6.930000e-01 3.220000e-01
3.928571e+00 6.930000e-01 3.220000e-01
3.928571e+00 6.930000e-01 3.220000e-01
4.285714e+00 8.450000e-01 3.550000e-01
4.285714e+00 8.450000e-01 3.550000e-01
4.285714e+00 8.450000e-01 3.550000e-01
4.642857e+00 9.970000e-01 3.880000e-01
4.642857e+00 9.970000e-01 3.880000e-01
4.642857e+00 9.970000e-01 3.880000e-01
5.000000e+00 1.150000e+00 4.220000e-01
5.000000e+00 1.150000e+00 4.220000e-01
5.000000e+00 1.150000e+00 4.220000e-01
