 !=================== 
 ! control section 
 !=================== 
 1 1 
 6 10000 1 1 1 
 32 32 64 1 0.0175 0.0175 0.10 
 2 0 0 1 
 10000 
 2.5704 
 -1.956943332791912e-06 
 0.07889147480055501 0.01535048157842839 -0.9144777557638505 1.0 1.0 0.0 0.0 
 0.07889147480055501 0.01535048157842839 -0.9144777557638505 1.0 1.0 0.0 0.0 
 0.06645049061805697 0.22700542660386183 0.0 1.0 1.0 0.0 0.0 
 2.5704 30800000.0 511001.0 -1.0 2856000000.0 0.0 
 0 1 1 1 
 !=================== 
 ! lattice lines 
 !=================== 
 0 0 0 -21 1.01 0.0 0.0 0.0 0.0 -0.0 -0.0 / 
 0.3 1 1 0 0.0175 -1 0 0 / 
 0 0 2 -12 0.0 0.0 / 
 0 0 0 -55 0.014 0 0 0 0 0 0 / 
 0 0 0 -18 0.014 1.5707963267948966 / 
 0 0 0 -55 0.014 0 0 0 0 0 0 / 
 0 0 0 -18 0.014 -1.5707963267948966 / 
 0.05 1 1 1 -28.7 -5 0.0175 0.0012 0.0009 0.0 0.0 0.0 / 
 0.1 1 1 0 0.0175 -1 0 0 / 
 0.05 1 1 1 37.7 -5 0.0175 0.0014 0.0007 0.0 0.0 0.0 / 
 0.1 1 1 0 0.0175 -1 0 0 / 
 0.1 1 1 0 0.0175 -1 0 0 / 
 0.15 1 1 0 0.0175 -1 0 0 / 
 0.1 1 1 0 0.0175 -1 0 0 / 
 0.05 1 1 0 0.0175 -1 0 0 / 
 0 0 0 -13 0.014 -1.0 1.0 -1.0 1.0 / 
 0.05 1 1 0 0.0175 -1 0 0 / 
 0.1 1 1 0 0.0175 -1 0 0 / 
 0.15 1 1 0 0.0175 -1 0 0 / 
 0.1 1 1 0 0.0175 -1 0 0 / 
 0.1 1 1 0 0.0175 -1 0 0 / 
 0.05 1 1 1 53.89 -5 0.0175 0.0012 0.0012 0.0 0.0 0.0 / 
 0.1 1 1 0 0.0175 -1 0 0 / 
 0.05 1 1 1 -52.5 -5 0.0175 0.0012 0.0012 0.0 0.0 0.0 / 
 0 0 3 -12 0.0 0.0 / 
 0 0 0 -55 0.014 0 0 0 0 0 0 / 
 0 0 0 -18 0.014 1.5707963267948966 / 
 0 0 0 -55 0.014 0 0 0 0 0 0 / 
 0 0 0 -18 0.014 -1.5707963267948966 / 
 0.75 1 1 0 0.0175 -1 0 0 / 
 2.1736 1 3 0 0.0175 -1 0 0 / 
 0.2 1 1 0 0.0175 -1 0 0 / 
 0.05 1 1 1 -18 -5 0.0175 0.0 0.0 0.0 0.0 0.0 / 
 0 0 0 -55 0.014 0 0 0 0 0 0 / 
 0 0 0 -18 0.014 1.5707963267948966 / 
 0 0 0 -55 0.014 0 0 0 0 0 0 / 
 0 0 0 -18 0.014 -1.5707963267948966 / 
 0.15 1 1 0 0.0175 -1 0 0 / 
 0 0 7 -12 0.0 0.0 / 
 0.05 1 1 1 29 -5 0.0175 0.0 0.0 0.0 0.0 0.0 / 
 0.15 1 1 0 0.0175 -1 0 0 / 
 1.665 1 2 0 0.0175 -1 0 0 / 
 0 0 8 -12 0.0 0.0 / 
 0 0 1021 -2 2 1 / 
 0 0 11021 -8 100 / 
